top - 04:21:44 up 58 min,  1 user,  load average: 3,38, 2,36, 1,43
Threads: 1194 total,   7 em exec., 1186 dormindo,   0 parado,   1 zumbi
%CPU(s): 96,8 us,  3,2 sy,  0,0 ni,  0,0 id,  0,0 wa,  0,0 hi,  0,0 si,  0,0 st 
MB mem :  11410,8 total,    617,3 free,   6535,4 used,   4149,1 buff/cache     
MB swap:   3079,0 total,   3078,4 free,      0,6 used.   4875,4 avail mem 

    PID USUARIO   PR  NI    VIRT    RES    SHR S  %CPU  %MEM    TEMPO+ COMANDO
  18235 ollama    20   0 2145248   1,5g  14748 R  91,7  13,1   2:13.37 llama-s+
  18248 ollama    20   0 2145248   1,5g  14748 R  91,7  13,1   2:12.25 llama-s+
  18245 ollama    20   0 2145248   1,5g  14748 R  83,3  13,1   2:10.49 llama-s+
  18246 ollama    20   0 2145248   1,5g  14748 R  75,0  13,1   2:12.50 llama-s+
  18247 ollama    20   0 2145248   1,5g  14748 R  75,0  13,1   2:10.78 llama-s+
  13346 bruno     20   0 3050188 399672 146820 S  16,7   3,4   0:43.27 Isolate+
   3235 bruno     20   0 5707180 509808 169628 S   8,3   4,4   3:31.45 gnome-s+
   3284 bruno     20   0 5707180 509808 169628 S   8,3   4,4   1:31.08 llvmpip+
   3285 bruno     20   0 5707180 509808 169628 S   8,3   4,4   1:31.75 llvmpip+
  12525 bruno     20   0   11,9g 814588 289852 S   8,3   7,0   1:02.87 Renderer
  12601 bruno     20   0 2715940 208368 110520 S   8,3   1,8   0:00.39 Timer
  13351 bruno     20   0 3050188 399672 146820 S   8,3   3,4   0:03.40 IPC I/O+
  19342 bruno     20   0   10904   5628   3136 R   8,3   0,0   0:00.01 top
      1 root      20   0   26888  17548  10788 S   0,0   0,2   0:01.91 systemd
      2 root      20   0       0      0      0 S   0,0   0,0   0:00.00 kthreadd
      3 root      20   0       0      0      0 S   0,0   0,0   0:00.00 pool_wo+
      4 root       0 -20       0      0      0 I   0,0   0,0   0:00.00 kworker+
      5 root       0 -20       0      0      0 I   0,0   0,0   0:00.00 kworker+
      6 root       0 -20       0      0      0 I   0,0   0,0   0:00.00 kworker+
      7 root       0 -20       0      0      0 I   0,0   0,0   0:00.00 kworker+
      8 root       0 -20       0      0      0 I   0,0   0,0   0:00.00 kworker+
      9 root      20   0       0      0      0 I   0,0   0,0   0:00.42 kworker+
     10 root       0 -20       0      0      0 I   0,0   0,0   0:00.03 kworker+
     13 root       0 -20       0      0      0 I   0,0   0,0   0:00.00 kworker+
     14 root      20   0       0      0      0 S   0,0   0,0   0:00.27 ksoftir+
     15 root      20   0       0      0      0 I   0,0   0,0   0:00.95 rcu_pre+
     16 root      20   0       0      0      0 S   0,0   0,0   0:00.00 rcu_exp+
     17 root      20   0       0      0      0 S   0,0   0,0   0:00.20 rcu_exp+
     18 root      rt   0       0      0      0 S   0,0   0,0   0:00.01 migrati+
     19 root     -51   0       0      0      0 S   0,0   0,0   0:00.00 idle_in+
     20 root      20   0       0      0      0 S   0,0   0,0   0:00.00 cpuhp/0
     21 root      20   0       0      0      0 S   0,0   0,0   0:00.00 cpuhp/1
     22 root     -51   0       0      0      0 S   0,0   0,0   0:00.00 idle_in+
     23 root      rt   0       0      0      0 S   0,0   0,0   0:00.01 migrati+
     24 root      20   0       0      0      0 S   0,0   0,0   0:00.03 ksoftir+
     26 root       0 -20       0      0      0 I   0,0   0,0   0:00.00 kworker+
     27 root      20   0       0      0      0 S   0,0   0,0   0:00.00 cpuhp/2
     28 root     -51   0       0      0      0 S   0,0   0,0   0:00.00 idle_in+
     29 root      rt   0       0      0      0 S   0,0   0,0   0:00.01 migrati+
     30 root      20   0       0      0      0 S   0,0   0,0   0:00.02 ksoftir+
     32 root       0 -20       0      0      0 I   0,0   0,0   0:00.00 kworker+
     33 root      20   0       0      0      0 S   0,0   0,0   0:00.00 cpuhp/3
     34 root     -51   0       0      0      0 S   0,0   0,0   0:00.00 idle_in+
     35 root      rt   0       0      0      0 S   0,0   0,0   0:00.01 migrati+
     36 root      20   0       0      0      0 S   0,0   0,0   0:00.01 ksoftir+
     38 root       0 -20       0      0      0 I   0,0   0,0   0:00.00 kworker+
     39 root      20   0       0      0      0 S   0,0   0,0   0:00.00 cpuhp/4
     40 root     -51   0       0      0      0 S   0,0   0,0   0:00.00 idle_in+
     41 root      rt   0       0      0      0 S   0,0   0,0   0:00.01 migrati+
     42 root      20   0       0      0      0 S   0,0   0,0   0:00.02 ksoftir+
     44 root       0 -20       0      0      0 I   0,0   0,0   0:00.00 kworker+
     45 root      20   0       0      0      0 S   0,0   0,0   0:00.00 kdevtmp+
     46 root       0 -20       0      0      0 I   0,0   0,0   0:00.00 kworker+
     47 root      20   0       0      0      0 I   0,0   0,0   0:00.00 rcu_tas+
     48 root      20   0       0      0      0 I   0,0   0,0   0:00.00 rcu_tas+
     49 root      20   0       0      0      0 S   0,0   0,0   0:00.00 kauditd
     50 root      20   0       0      0      0 S   0,0   0,0   0:00.01 khungta+
     51 root      20   0       0      0      0 S   0,0   0,0   0:00.00 oom_rea+
     52 root      20   0       0      0      0 I   0,0   0,0   0:11.28 kworker+
     53 root       0 -20       0      0      0 I   0,0   0,0   0:00.00 kworker+
     54 root      20   0       0      0      0 S   0,0   0,0   0:01.34 kcompac+
     55 root      25   5       0      0      0 S   0,0   0,0   0:00.00 ksmd
     56 root      39  19       0      0      0 S   0,0   0,0   0:00.56 khugepa+
     57 root       0 -20       0      0      0 I   0,0   0,0   0:00.00 kworker+
     58 root       0 -20       0      0      0 I   0,0   0,0   0:00.00 kworker+
     59 root       0 -20       0      0      0 I   0,0   0,0   0:00.00 kworker+
     61 root       0 -20       0      0      0 I   0,0   0,0   0:00.00 kworker+
     62 root       0 -20       0      0      0 I   0,0   0,0   0:00.00 kworker+
     63 root       0 -20       0      0      0 I   0,0   0,0   0:00.00 kworker+
     64 root       0 -20       0      0      0 I   0,0   0,0   0:00.00 kworker+
     65 root       0 -20       0      0      0 I   0,0   0,0   0:00.00 kworker+
     66 root       0 -20       0      0      0 I   0,0   0,0   0:00.00 kworker+
     67 root       0 -20       0      0      0 I   0,0   0,0   0:00.00 kworker+
     68 root     -51   0       0      0      0 S   0,0   0,0   0:00.00 watchdo+
     69 root       0 -20       0      0      0 I   0,0   0,0   0:00.00 kworker+
     72 root      20   0       0      0      0 S   0,0   0,0   0:00.78 kswapd0
     73 root      20   0       0      0      0 S   0,0   0,0   0:00.00 ecryptf+
     74 root       0 -20       0      0      0 I   0,0   0,0   0:00.00 kworker+
     75 root       0 -20       0      0      0 I   0,0   0,0   0:00.00 kworker+
     78 root       0 -20       0      0      0 I   0,0   0,0   0:00.00 kworker+
     79 root       0 -20       0      0      0 I   0,0   0,0   0:00.00 kworker+
     80 root       0 -20       0      0      0 I   0,0   0,0   0:00.00 kworker+
     88 root       0 -20       0      0      0 I   0,0   0,0   0:00.00 kworker+
    305 root       0 -20       0      0      0 I   0,0   0,0   0:00.00 kworker+
    306 root       0 -20       0      0      0 I   0,0   0,0   0:00.00 kworker+
    307 root       0 -20       0      0      0 I   0,0   0,0   0:00.00 kworker+
    308 root       0 -20       0      0      0 I   0,0   0,0   0:00.00 kworker+
    309 root      20   0       0      0      0 S   0,0   0,0   0:00.00 scsi_eh+
    310 root       0 -20       0      0      0 I   0,0   0,0   0:00.00 kworker+
    311 root      20   0       0      0      0 S   0,0   0,0   0:00.00 scsi_eh+
    312 root       0 -20       0      0      0 I   0,0   0,0   0:00.00 kworker+
    313 root      20   0       0      0      0 S   0,0   0,0   0:00.00 scsi_eh+
    314 root       0 -20       0      0      0 I   0,0   0,0   0:00.00 kworker+
    315 root      20   0       0      0      0 S   0,0   0,0   0:00.00 scsi_eh+
    316 root       0 -20       0      0      0 I   0,0   0,0   0:00.00 kworker+
    317 root      20   0       0      0      0 S   0,0   0,0   0:00.00 scsi_eh+
    318 root       0 -20       0      0      0 I   0,0   0,0   0:00.00 kworker+
    319 root      20   0       0      0      0 S   0,0   0,0   0:00.00 scsi_eh+
    320 root       0 -20       0      0      0 I   0,0   0,0   0:00.00 kworker+
    321 root      20   0       0      0      0 S   0,0   0,0   0:00.00 scsi_eh+
    322 root       0 -20       0      0      0 I   0,0   0,0   0:00.00 kworker+
    323 root      20   0       0      0      0 S   0,0   0,0   0:00.00 scsi_eh+
    324 root       0 -20       0      0      0 I   0,0   0,0   0:00.00 kworker+
    325 root      20   0       0      0      0 S   0,0   0,0   0:00.00 scsi_eh+
    326 root       0 -20       0      0      0 I   0,0   0,0   0:00.00 kworker+
    327 root      20   0       0      0      0 S   0,0   0,0   0:00.00 scsi_eh+
    328 root       0 -20       0      0      0 I   0,0   0,0   0:00.00 kworker+
    329 root      20   0       0      0      0 S   0,0   0,0   0:00.00 scsi_eh+
    330 root       0 -20       0      0      0 I   0,0   0,0   0:00.00 kworker+
    331 root      20   0       0      0      0 S   0,0   0,0   0:00.00 scsi_eh+
    332 root       0 -20       0      0      0 I   0,0   0,0   0:00.00 kworker+
    333 root      20   0       0      0      0 S   0,0   0,0   0:00.00 scsi_eh+
    334 root       0 -20       0      0      0 I   0,0   0,0   0:00.00 kworker+
    335 root      20   0       0      0      0 S   0,0   0,0   0:00.00 scsi_eh+
    336 root       0 -20       0      0      0 I   0,0   0,0   0:00.00 kworker+
    337 root      20   0       0      0      0 S   0,0   0,0   0:00.00 scsi_eh+
    338 root       0 -20       0      0      0 I   0,0   0,0   0:00.00 kworker+
    339 root      20   0       0      0      0 S   0,0   0,0   0:00.00 scsi_eh+
    340 root       0 -20       0      0      0 I   0,0   0,0   0:00.00 kworker+
    341 root      20   0       0      0      0 S   0,0   0,0   0:00.00 scsi_eh+
    342 root       0 -20       0      0      0 I   0,0   0,0   0:00.00 kworker+
    343 root      20   0       0      0      0 S   0,0   0,0   0:00.00 scsi_eh+
    344 root       0 -20       0      0      0 I   0,0   0,0   0:00.00 kworker+
    345 root      20   0       0      0      0 S   0,0   0,0   0:00.00 scsi_eh+
    346 root       0 -20       0      0      0 I   0,0   0,0   0:00.00 kworker+
    347 root      20   0       0      0      0 S   0,0   0,0   0:00.00 scsi_eh+
    348 root       0 -20       0      0      0 I   0,0   0,0   0:00.00 kworker+
    349 root      20   0       0      0      0 S   0,0   0,0   0:00.00 scsi_eh+
    350 root       0 -20       0      0      0 I   0,0   0,0   0:00.00 kworker+
    351 root      20   0       0      0      0 S   0,0   0,0   0:00.00 scsi_eh+
    352 root       0 -20       0      0      0 I   0,0   0,0   0:00.00 kworker+
    353 root      20   0       0      0      0 S   0,0   0,0   0:00.00 scsi_eh+
    354 root       0 -20       0      0      0 I   0,0   0,0   0:00.00 kworker+
    355 root      20   0       0      0      0 S   0,0   0,0   0:00.00 scsi_eh+
    356 root       0 -20       0      0      0 I   0,0   0,0   0:00.00 kworker+
    357 root      20   0       0      0      0 S   0,0   0,0   0:00.00 scsi_eh+
    358 root       0 -20       0      0      0 I   0,0   0,0   0:00.00 kworker+
    359 root      20   0       0      0      0 S   0,0   0,0   0:00.00 scsi_eh+
    360 root       0 -20       0      0      0 I   0,0   0,0   0:00.00 kworker+
    361 root      20   0       0      0      0 S   0,0   0,0   0:00.00 scsi_eh+
    362 root       0 -20       0      0      0 I   0,0   0,0   0:00.00 kworker+
    363 root      20   0       0      0      0 S   0,0   0,0   0:00.00 scsi_eh+
    364 root       0 -20       0      0      0 I   0,0   0,0   0:00.00 kworker+
    365 root      20   0       0      0      0 S   0,0   0,0   0:00.00 scsi_eh+
    366 root       0 -20       0      0      0 I   0,0   0,0   0:00.00 kworker+
    367 root      20   0       0      0      0 S   0,0   0,0   0:00.00 scsi_eh+
    368 root       0 -20       0      0      0 I   0,0   0,0   0:00.00 kworker+
    372 root       0 -20       0      0      0 I   0,0   0,0   0:00.02 kworker+
    387 root       0 -20       0      0      0 I   0,0   0,0   0:00.02 kworker+
    394 root      20   0       0      0      0 S   0,0   0,0   0:00.33 jbd2/nv+
    395 root       0 -20       0      0      0 I   0,0   0,0   0:00.00 kworker+
    414 root     -51   0       0      0      0 S   0,0   0,0   0:00.00 irq/62-+
    415 root     -51   0       0      0      0 S   0,0   0,0   0:00.00 irq/63-+
    416 root     -51   0       0      0      0 S   0,0   0,0   0:00.00 irq/64-+
    453 root      19  -1   68636  22376  18908 S   0,0   0,2   0:00.32 systemd+
    489 root       0 -20       0      0      0 I   0,0   0,0   0:00.02 kworker+
    496 systemd+  20   0   17208   7024   6004 S   0,0   0,1   0:00.96 systemd+
    497 systemd+  20   0   22896  15240  11612 S   0,0   0,1   0:00.79 systemd+
    502 root      20   0   42560  14440   8036 S   0,0   0,1   0:00.30 systemd+
    504 root      -2   0       0      0      0 S   0,0   0,0   0:00.00 psimon
    554 root     -51   0       0      0      0 S   0,0   0,0   0:00.00 irq/65-+
    555 root     -51   0       0      0      0 S   0,0   0,0   0:00.00 irq/66-+
    556 root     -51   0       0      0      0 S   0,0   0,0   0:00.00 irq/67-+
    557 root     -51   0       0      0      0 S   0,0   0,0   0:00.00 irq/68-+
    558 root     -51   0       0      0      0 S   0,0   0,0   0:00.00 irq/69-+
    559 root     -51   0       0      0      0 S   0,0   0,0   0:00.00 irq/70-+
    560 root       0 -20       0      0      0 I   0,0   0,0   0:00.00 kworker+
    776 root       0 -20       0      0      0 I   0,0   0,0   0:00.00 kworker+
   1251 avahi     20   0    7204   3880   3452 S   0,0   0,0   0:00.06 avahi-d+
   1252 root      20   0    4096   1660   1544 S   0,0   0,0   0:00.00 chronyd+
   1253 message+  20   0   12340   9320   4076 S   0,0   0,1   0:00.58 dbus-da+
   1259 root      20   0   49880  29236  12036 S   0,0   0,3   0:00.05 network+
   1260 polkitd   20   0  407200  27488  11460 S   0,0   0,2   0:00.21 polkitd
   1352 polkitd   20   0  407200  27488  11460 S   0,0   0,2   0:00.05 gmain
   1353 polkitd   20   0  407200  27488  11460 S   0,0   0,2   0:00.00 pool-sp+
   1356 polkitd   20   0  407200  27488  11460 S   0,0   0,2   0:00.06 gdbus
   1264 root      20   0 2032776  59684  22740 S   0,0   0,5   0:00.02 snapd
   1335 root      20   0 2032776  59684  22740 S   0,0   0,5   0:00.03 snapd
   1336 root      20   0 2032776  59684  22740 S   0,0   0,5   0:00.03 snapd
   1337 root      20   0 2032776  59684  22740 S   0,0   0,5   0:00.04 snapd
   1341 root      20   0 2032776  59684  22740 S   0,0   0,5   0:00.00 snapd
   1343 root      20   0 2032776  59684  22740 S   0,0   0,5   0:00.00 snapd
   1405 root      20   0 2032776  59684  22740 S   0,0   0,5   0:00.06 snapd
   1411 root      20   0 2032776  59684  22740 S   0,0   0,5   0:00.06 snapd
   1465 root      20   0 2032776  59684  22740 S   0,0   0,5   0:00.05 snapd
   1483 root      20   0 2032776  59684  22740 S   0,0   0,5   0:00.06 snapd
   1609 root      20   0 2032776  59684  22740 S   0,0   0,5   0:00.10 snapd
   1265 root      20   0  334224  21204  10952 S   0,0   0,2   0:00.02 account+
   1329 root      20   0  334224  21204  10952 S   0,0   0,2   0:00.00 pool-sp+
   1330 root      20   0  334224  21204  10952 S   0,0   0,2   0:00.06 gmain
   1355 root      20   0  334224  21204  10952 S   0,0   0,2   0:00.00 gdbus
   1266 root      20   0    8516   2856   2624 S   0,0   0,0   0:00.00 cron
   1268 root      20   0  309464  14932   6028 S   0,0   0,1   0:00.01 switche+
   1302 root      20   0  309464  14932   6028 S   0,0   0,1   0:00.00 pool-sp+
   1304 root      20   0  309464  14932   6028 S   0,0   0,1   0:00.00 gmain
   1354 root      20   0  309464  14932   6028 S   0,0   0,1   0:00.00 gdbus
   1270 root      20   0   19740  10896   7764 S   0,0   0,1   0:00.14 systemd+
   1271 root      20   0  562652  31792  14148 S   0,0   0,3   0:00.07 udisksd
   1312 root      20   0  562652  31792  14148 S   0,0   0,3   0:00.03 gmain
   1313 root      20   0  562652  31792  14148 S   0,0   0,3   0:00.00 pool-sp+
   1357 root      20   0  562652  31792  14148 S   0,0   0,3   0:00.01 gdbus
   1415 root      20   0  562652  31792  14148 S   0,0   0,3   0:00.00 udisks-+
   1416 root      20   0  562652  31792  14148 S   0,0   0,3   0:00.00 udisks-+
   1425 root      20   0  562652  31792  14148 S   0,0   0,3   0:00.00 cleanup
   1282 avahi     20   0    7204   1628   1340 S   0,0   0,0   0:00.00 avahi-d+
   1316 root       0 -20       0      0      0 I   0,0   0,0   0:00.02 kworker+
   1318 _chrony   20   0   20668   4324   3544 S   0,0   0,0   0:00.08 chronyd
   1333 syslog    20   0  221568  10372   3584 S   0,0   0,1   0:00.00 rsyslogd
   1381 syslog    20   0  221568  10372   3584 S   0,0   0,1   0:00.04 in:imux+
   1382 syslog    20   0  221568  10372   3584 S   0,0   0,1   0:00.00 in:imkl+
   1383 syslog    20   0  221568  10372   3584 S   0,0   0,1   0:00.03 rs:main+
   1349 _chrony   20   0   12544   3164   2520 S   0,0   0,0   0:00.00 chronyd
   1358 root      20   0  417356  32088  17540 S   0,0   0,3   0:00.09 Network+
   1406 root      20   0  417356  32088  17540 S   0,0   0,3   0:00.04 gmain
   1407 root      20   0  417356  32088  17540 S   0,0   0,3   0:00.00 pool-sp+
   1408 root      20   0  417356  32088  17540 S   0,0   0,3   0:00.02 gdbus
  19340 root      20   0  417356  32088  17540 S   0,0   0,3   0:00.00 pool-27
   1359 root      20   0   19536   6492   5604 S   0,0   0,1   0:00.01 wpa_sup+
   1401 root      20   0  347480  26128  14652 S   0,0   0,2   0:00.02 ModemMa+
   1417 root      20   0  347480  26128  14652 S   0,0   0,2   0:00.00 gmain
   1419 root      20   0  347480  26128  14652 S   0,0   0,2   0:00.00 pool-sp+
   1422 root      20   0  347480  26128  14652 S   0,0   0,2   0:00.00 gdbus
   1489 root      20   0   34224  13208   8452 S   0,0   0,1   0:00.00 cupsd
   1492 root      20   0  129028  33032  14024 S   0,0   0,3   0:00.03 unatten+
   1536 root      20   0  129028  33032  14024 S   0,0   0,3   0:00.00 gmain
   1510 root      20   0 2256464  73672  26456 S   0,0   0,6   0:00.01 contain+
   1525 root      20   0 2256464  73672  26456 S   0,0   0,6   0:02.62 contain+
   1526 root      20   0 2256464  73672  26456 S   0,0   0,6   0:04.00 contain+
   1527 root      20   0 2256464  73672  26456 S   0,0   0,6   0:00.00 contain+
   1528 root      20   0 2256464  73672  26456 S   0,0   0,6   0:04.72 contain+
   1529 root      20   0 2256464  73672  26456 S   0,0   0,6   0:00.00 contain+
   1550 root      20   0 2256464  73672  26456 S   0,0   0,6   0:04.80 contain+
   1551 root      20   0 2256464  73672  26456 S   0,0   0,6   0:05.13 contain+
   1554 root      20   0 2256464  73672  26456 S   0,0   0,6   0:03.56 contain+
   1555 root      20   0 2256464  73672  26456 S   0,0   0,6   0:02.57 contain+
   4835 root      20   0 2256464  73672  26456 S   0,0   0,6   0:04.64 contain+
   4836 root      20   0 2256464  73672  26456 S   0,0   0,6   0:04.47 contain+
   5011 root      20   0 2256464  73672  26456 S   0,0   0,6   0:01.33 contain+
   1523 root      20   0  409604  25400  12744 S   0,0   0,2   0:00.00 gdm3
   1530 root      20   0  409604  25400  12744 S   0,0   0,2   0:00.00 pool-sp+
   1531 root      20   0  409604  25400  12744 S   0,0   0,2   0:00.00 gmain
   1532 root      20   0  409604  25400  12744 S   0,0   0,2   0:00.00 gdbus
   1533 root      20   0  409604  25400  12744 S   0,0   0,2   0:00.02 GDM use+
   1635 cups-br+  20   0  211736  21368  14136 S   0,0   0,2   0:00.02 cups-br+
   1663 cups-br+  20   0  211736  21368  14136 S   0,0   0,2   0:00.00 pool-sp+
   1664 cups-br+  20   0  211736  21368  14136 S   0,0   0,2   0:00.00 gmain
   1666 cups-br+  20   0  211736  21368  14136 S   0,0   0,2   0:00.00 gdbus
   1636 root      20   0 2383708 113828  54172 S   0,0   1,0   0:00.11 dockerd
   1673 root      20   0 2383708 113828  54172 S   0,0   1,0   0:02.03 dockerd
   1674 root      20   0 2383708 113828  54172 S   0,0   1,0   0:01.87 dockerd
   1675 root      20   0 2383708 113828  54172 S   0,0   1,0   0:00.00 dockerd
   1677 root      20   0 2383708 113828  54172 S   0,0   1,0   0:02.06 dockerd
   1679 root      20   0 2383708 113828  54172 S   0,0   1,0   0:00.00 dockerd
   1680 root      20   0 2383708 113828  54172 S   0,0   1,0   0:00.00 dockerd
   1837 root      20   0 2383708 113828  54172 S   0,0   1,0   0:01.96 dockerd
   1838 root      20   0 2383708 113828  54172 S   0,0   1,0   0:01.29 dockerd
   1863 root      20   0 2383708 113828  54172 S   0,0   1,0   0:01.88 dockerd
   1865 root      20   0 2383708 113828  54172 S   0,0   1,0   0:02.15 dockerd
  12383 root      20   0 2383708 113828  54172 S   0,0   1,0   0:00.50 dockerd
  13831 root      20   0 2383708 113828  54172 S   0,0   1,0   0:00.16 dockerd
  14202 root      20   0 2383708 113828  54172 S   0,0   1,0   0:00.06 dockerd
   1722 rtkit     21   1   21708   2876   2664 S   0,0   0,0   0:00.00 rtkit-d+
   1727 rtkit     20   0   21708   2876   2664 S   0,0   0,0   0:00.01 rtkit-d+
   1728 rtkit     rt   1   21708   2876   2664 S   0,0   0,0   0:00.01 rtkit-d+
   2144 colord    20   0  342416  28520  13376 S   0,0   0,2   0:00.03 colord
   2151 colord    20   0  342416  28520  13376 S   0,0   0,2   0:00.00 pool-sp+
   2152 colord    20   0  342416  28520  13376 S   0,0   0,2   0:00.00 gmain
   2154 colord    20   0  342416  28520  13376 S   0,0   0,2   0:00.00 gdbus
   2175 root      20   0  320952  19184   8868 S   0,0   0,2   0:00.03 upowerd
   2240 root      20   0  320952  19184   8868 S   0,0   0,2   0:00.00 pool-sp+
   2241 root      20   0  320952  19184   8868 S   0,0   0,2   0:00.00 gmain
   2243 root      20   0  320952  19184   8868 S   0,0   0,2   0:00.01 gdbus
   2588 root      20   0  311356  15072   6228 S   0,0   0,1   0:00.01 power-p+
   2595 root      20   0  311356  15072   6228 S   0,0   0,1   0:00.00 pool-sp+
   2596 root      20   0  311356  15072   6228 S   0,0   0,1   0:00.00 gmain
   2597 root      20   0  311356  15072   6228 S   0,0   0,1   0:00.00 gdbus
   2809 root      20   0  178112  15352   8216 S   0,0   0,1   0:00.00 gdm-ses+
   2810 root      20   0  178112  15352   8216 S   0,0   0,1   0:00.00 pool-sp+
   2811 root      20   0  178112  15352   8216 S   0,0   0,1   0:00.00 gmain
   2812 root      20   0  178112  15352   8216 S   0,0   0,1   0:00.00 gdbus
   2888 root      20   0  371336  52272  37660 S   0,0   0,4   0:00.10 fwupd
   2892 root      20   0  371336  52272  37660 S   0,0   0,4   0:00.06 gmain
   2893 root      20   0  371336  52272  37660 S   0,0   0,4   0:00.00 pool-sp+
   2894 root      20   0  371336  52272  37660 S   0,0   0,4   0:00.01 gdbus
   2920 bruno     20   0   24544  15512  10584 S   0,0   0,1   0:00.32 systemd
   2922 bruno     20   0   26984   6012   2136 S   0,0   0,1   0:00.00 (sd-pam)
   2955 bruno     20   0    9972   6984   4108 S   0,0   0,1   0:00.65 dbus-da+
   2956 bruno      9 -11  172864  18360   8180 S   0,0   0,2   0:00.17 pipewire
   2969 bruno     20   0  172864  18360   8180 S   0,0   0,2   0:00.00 module-+
   2979 bruno    -21   0  172864  18360   8180 S   0,0   0,2   0:09.59 data-lo+
   2960 bruno     20   0  184876  13820   8760 S   0,0   0,1   0:00.00 gnome-k+
   2962 bruno     20   0  184876  13820   8760 S   0,0   0,1   0:00.00 pool-sp+
   2963 bruno     20   0  184876  13820   8760 S   0,0   0,1   0:00.00 gmain
   2967 bruno     20   0  184876  13820   8760 S   0,0   0,1   0:00.01 gdbus
   2980 bruno     20   0  184876  13820   8760 S   0,0   0,1   0:00.00 timer
   2961 bruno     20   0    7292   3348   3120 S   0,0   0,0   0:00.01 mpris-p+
   2968 bruno      9 -11  587068  39084  18016 S   0,0   0,3   0:00.10 wireplu+
   2986 bruno     20   0  587068  39084  18016 S   0,0   0,3   0:00.00 module-+
   2988 bruno     20   0  587068  39084  18016 S   0,0   0,3   0:00.00 gmain
   2989 bruno     20   0  587068  39084  18016 S   0,0   0,3   0:00.00 pool-sp+
   3054 bruno     20   0  587068  39084  18016 S   0,0   0,3   0:00.00 gdbus
   3065 bruno    -21   0  587068  39084  18016 S   0,0   0,3   0:00.00 data-lo+
   2976 bruno     20   0   86684   6604   3972 S   0,0   0,1   0:00.00 pipewire
   2982 bruno     20   0   86684   6604   3972 S   0,0   0,1   0:00.00 module-+
   2977 bruno      9 -11  186420  22892  10336 S   0,0   0,2   0:00.03 pipewir+
   2984 bruno     20   0  186420  22892  10336 S   0,0   0,2   0:00.00 module-+
   2985 bruno    -21   0  186420  22892  10336 S   0,0   0,2   0:00.00 data-lo+
   3024 bruno     20   0  169808  10188   5632 S   0,0   0,1   0:00.00 gdm-way+
   3038 bruno     20   0  169808  10188   5632 S   0,0   0,1   0:00.00 gmain
   3039 bruno     20   0  169808  10188   5632 S   0,0   0,1   0:00.00 pool-sp+
   3040 bruno     20   0  169808  10188   5632 S   0,0   0,1   0:00.00 gdbus
   3036 bruno     20   0  689480  27532   6428 S   0,0   0,2   0:00.00 xdg-doc+
   3099 bruno     20   0  689480  27532   6428 S   0,0   0,2   0:00.00 pool-sp+
   3100 bruno     20   0  689480  27532   6428 S   0,0   0,2   0:00.00 gmain
   3101 bruno     20   0  689480  27532   6428 S   0,0   0,2   0:00.01 gdbus
   3119 bruno     20   0  689480  27532   6428 S   0,0   0,2   0:00.00 fuse ma+
   3122 bruno     20   0  689480  27532   6428 S   0,0   0,2   0:00.00 fuse_wo+
   3123 bruno     20   0  689480  27532   6428 S   0,0   0,2   0:00.00 fuse_wo+
   3053 bruno     20   0  178484  13872   6952 S   0,0   0,1   0:00.00 gnome-s+
   3196 bruno     20   0  178484  13872   6952 S   0,0   0,1   0:00.00 pool-sp+
   3197 bruno     20   0  178484  13872   6952 S   0,0   0,1   0:00.00 gmain
   3198 bruno     20   0  178484  13872   6952 S   0,0   0,1   0:00.00 gdbus
   3103 bruno     20   0  309172  14604   5980 S   0,0   0,1   0:00.00 xdg-per+
   3108 bruno     20   0  309172  14604   5980 S   0,0   0,1   0:00.00 pool-sp+
   3109 bruno     20   0  309172  14604   5980 S   0,0   0,1   0:00.00 gmain
   3111 bruno     20   0  309172  14604   5980 S   0,0   0,1   0:00.00 gdbus
   3120 root      20   0    3528   1752   1648 S   0,0   0,0   0:00.00 fusermo+
   3200 bruno     20   0   99420   8580   5864 S   0,0   0,1   0:00.00 gcr-ssh+
   3202 bruno     20   0   99420   8580   5864 S   0,0   0,1   0:00.00 pool-sp+
   3203 bruno     20   0   99420   8580   5864 S   0,0   0,1   0:00.00 gmain
   3201 bruno     20   0   89140   7052   4648 S   0,0   0,1   0:00.00 gnome-s+
   3211 bruno     20   0   89140   7052   4648 S   0,0   0,1   0:00.00 gmain
   3204 bruno     20   0   11120   6216   5288 S   0,0   0,1   0:00.00 ssh-age+
   3212 bruno     20   0  314216  16456   7384 S   0,0   0,1   0:00.01 gvfsd
   3215 bruno     20   0  314216  16456   7384 S   0,0   0,1   0:00.00 pool-sp+
   3216 bruno     20   0  314216  16456   7384 S   0,0   0,1   0:00.00 gmain
   3217 bruno     20   0  314216  16456   7384 S   0,0   0,1   0:00.00 gdbus
   3220 bruno     20   0  423084  22440  10488 S   0,0   0,2   0:00.00 gvfsd-f+
   3223 bruno     20   0  423084  22440  10488 S   0,0   0,2   0:00.00 fuse_wo+
   3224 bruno     20   0  423084  22440  10488 S   0,0   0,2   0:00.00 pool-sp+
   3225 bruno     20   0  423084  22440  10488 S   0,0   0,2   0:00.00 gmain
   3226 bruno     20   0  423084  22440  10488 S   0,0   0,2   0:00.00 gdbus
   3229 bruno     20   0  423084  22440  10488 S   0,0   0,2   0:00.00 gvfs-fu+
   5248 bruno     20   0  423084  22440  10488 S   0,0   0,2   0:00.00 fuse_wo+
   3228 bruno     20   0  705368  36364  13740 S   0,0   0,3   0:00.03 gnome-s+
   3230 bruno     20   0  705368  36364  13740 S   0,0   0,3   0:00.00 pool-sp+
   3231 bruno     20   0  705368  36364  13740 S   0,0   0,3   0:00.00 gmain
   3232 bruno     20   0  705368  36364  13740 S   0,0   0,3   0:00.04 gdbus
   3234 bruno     20   0  705368  36364  13740 S   0,0   0,3   0:00.00 dconf w+
  19346 bruno     20   0  705368  36364  13740 S   0,0   0,3   0:00.00 pool-45
   3244 bruno     20   0 5707180 509808 169628 S   0,0   4,4   0:00.01 pool-sp+
   3245 bruno     20   0 5707180 509808 169628 S   0,0   4,4   0:00.07 gmain
   3247 bruno     20   0 5707180 509808 169628 S   0,0   4,4   0:01.55 gdbus
   3255 bruno     20   0 5707180 509808 169628 S   0,0   4,4   0:00.00 dconf w+
   3256 bruno     20   0 5707180 509808 169628 S   0,0   4,4   0:00.20 JS Help+
   3257 bruno     20   0 5707180 509808 169628 S   0,0   4,4   0:00.03 JS Help+
   3258 bruno     20   0 5707180 509808 169628 S   0,0   4,4   0:00.00 JS Help+
   3259 bruno     20   0 5707180 509808 169628 S   0,0   4,4   0:00.00 JS Help+
   3261 bruno     20   0 5707180 509808 169628 S   0,0   4,4   0:00.00 JS Help+
   3280 bruno      5 -15 5707180 509808 169628 S   0,0   4,4   0:17.72 KMS thr+
   3282 bruno     20   0 5707180 509808 169628 S   0,0   4,4   1:30.05 llvmpip+
   3283 bruno     20   0 5707180 509808 169628 S   0,0   4,4   1:32.16 llvmpip+
   3286 bruno     20   0 5707180 509808 169628 S   0,0   4,4   1:23.70 llvmpip+
   3287 bruno     20   0 5707180 509808 169628 S   0,0   4,4   0:00.00 gnome-s+
   3288 bruno     20   0 5707180 509808 169628 S   0,0   4,4   0:00.00 gnome-s+
   3289 bruno     20   0 5707180 509808 169628 S   0,0   4,4   0:00.00 gnome-s+
   3290 bruno     20   0 5707180 509808 169628 S   0,0   4,4   0:00.00 gnome-s+
   3291 bruno     20   0 5707180 509808 169628 S   0,0   4,4   0:00.00 gnome-s+
   3292 bruno     39  19 5707180 509808 169628 S   0,0   4,4   0:00.00 gnome-s+
   3303 bruno     20   0 5707180 509808 169628 S   0,0   4,4   0:06.62 Mutter +
   3394 bruno     20   0 5707180 509808 169628 S   0,0   4,4   0:00.00 gly-glo+
   3395 bruno     20   0 5707180 509808 169628 S   0,0   4,4   0:00.00 async-io
   3417 bruno     20   0 5707180 509808 169628 S   0,0   4,4   0:00.00 [pango]+
   3818 bruno     20   0 5707180 509808 169628 S   0,0   4,4   0:00.00 module-+
   5242 bruno     20   0 5707180 509808 169628 S   0,0   4,4   0:00.00 threade+
  19316 bruno     20   0 5707180 509808 169628 S   0,0   4,4   0:00.00 pool-157
  19317 bruno     20   0 5707180 509808 169628 S   0,0   4,4   0:00.00 pool-158
   3341 root       0 -20       0      0      0 I   0,0   0,0   0:00.00 kworker+
   3347 bruno     20   0  405960  22768  10552 S   0,0   0,2   0:00.00 at-spi-+
   3349 bruno     20   0  405960  22768  10552 S   0,0   0,2   0:00.00 pool-sp+
   3350 bruno     20   0  405960  22768  10552 S   0,0   0,2   0:00.00 gmain
   3351 bruno     20   0  405960  22768  10552 S   0,0   0,2   0:00.00 gdbus
   3352 bruno     20   0  405960  22768  10552 S   0,0   0,2   0:00.00 dconf w+
   3355 bruno     20   0    8452   4620   4104 S   0,0   0,0   0:00.10 dbus-da+
   3357 bruno     20   0  170632  10860   6116 S   0,0   0,1   0:00.06 at-spi2+
   3358 bruno     20   0  170632  10860   6116 S   0,0   0,1   0:00.00 pool-sp+
   3359 bruno     20   0  170632  10860   6116 S   0,0   0,1   0:00.00 gmain
   3360 bruno     20   0  170632  10860   6116 S   0,0   0,1   0:00.01 gdbus
   3373 bruno     20   0  681052  37188  17680 S   0,0   0,3   0:00.00 gnome-s+
   3376 bruno     20   0  681052  37188  17680 S   0,0   0,3   0:00.00 pool-sp+
   3377 bruno     20   0  681052  37188  17680 S   0,0   0,3   0:00.00 gmain
   3380 bruno     20   0  681052  37188  17680 S   0,0   0,3   0:00.00 gdbus
   3382 bruno     20   0  681052  37188  17680 S   0,0   0,3   0:00.00 dconf w+
   3383 bruno     20   0  681052  37188  17680 S   0,0   0,3   0:00.00 gnome-s+
   3679 bruno     20   0  681052  37188  17680 S   0,0   0,3   0:00.00 cal-cli+
   3384 bruno     20   0  640136  53580  33308 S   0,0   0,5   0:00.03 evoluti+
   3399 bruno     20   0  640136  53580  33308 S   0,0   0,5   0:00.00 pool-sp+
   3400 bruno     20   0  640136  53580  33308 S   0,0   0,5   0:00.00 gmain
   3402 bruno     20   0  640136  53580  33308 S   0,0   0,5   0:00.00 gdbus
   3424 bruno     20   0  640136  53580  33308 S   0,0   0,5   0:00.00 dconf w+
   3386 bruno     20   0 2754680  43840  18508 S   0,0   0,4   0:00.03 gjs
   3389 bruno     20   0 2754680  43840  18508 S   0,0   0,4   0:00.00 pool-sp+
   3390 bruno     20   0 2754680  43840  18508 S   0,0   0,4   0:00.00 gmain
   3391 bruno     20   0 2754680  43840  18508 S   0,0   0,4   0:00.00 gdbus
   3411 bruno     20   0 2754680  43840  18508 S   0,0   0,4   0:00.00 JS Help+
   3412 bruno     20   0 2754680  43840  18508 S   0,0   0,4   0:00.00 JS Help+
   3413 bruno     20   0 2754680  43840  18508 S   0,0   0,4   0:00.00 JS Help+
   3414 bruno     20   0 2754680  43840  18508 S   0,0   0,4   0:00.00 JS Help+
   3415 bruno     20   0 2754680  43840  18508 S   0,0   0,4   0:00.00 JS Help+
   3397 bruno     20   0  410000  27592  11372 S   0,0   0,2   0:01.23 ibus-da+
   3499 bruno     20   0  410000  27592  11372 S   0,0   0,2   0:00.00 pool-sp+
   3500 bruno     20   0  410000  27592  11372 S   0,0   0,2   0:00.00 gmain
   3527 bruno     20   0  410000  27592  11372 S   0,0   0,2   0:02.20 gdbus
   3406 bruno     20   0  278536  21556  13004 S   0,0   0,2   0:00.00 gsd-a11+
   3422 bruno     20   0  278536  21556  13004 S   0,0   0,2   0:00.00 gmain
   3430 bruno     20   0  278536  21556  13004 S   0,0   0,2   0:00.00 pool-sp+
   3453 bruno     20   0  278536  21556  13004 S   0,0   0,2   0:00.00 gdbus
   3541 bruno     20   0  278536  21556  13004 S   0,0   0,2   0:00.00 dconf w+
   3416 bruno     20   0  276224  21380  12908 S   0,0   0,2   0:00.02 gsd-col+
   3433 bruno     20   0  276224  21380  12908 S   0,0   0,2   0:00.00 pool-sp+
   3434 bruno     20   0  276224  21380  12908 S   0,0   0,2   0:00.00 gmain
   3449 bruno     20   0  276224  21380  12908 S   0,0   0,2   0:00.01 gdbus
   3502 bruno     20   0  276224  21380  12908 S   0,0   0,2   0:00.00 dconf w+
   3418 bruno     20   0  281668  22184  13552 S   0,0   0,2   0:00.00 gsd-dat+
   3447 bruno     20   0  281668  22184  13552 S   0,0   0,2   0:00.00 gmain
   3448 bruno     20   0  281668  22184  13552 S   0,0   0,2   0:00.00 pool-sp+
   3466 bruno     20   0  281668  22184  13552 S   0,0   0,2   0:00.01 gdbus
   3529 bruno     20   0  281668  22184  13552 S   0,0   0,2   0:00.00 dconf w+
   3419 bruno     20   0  416436  27516  13076 S   0,0   0,2   0:00.09 gsd-hou+
   3475 bruno     20   0  416436  27516  13076 S   0,0   0,2   0:00.00 gmain
   3476 bruno     20   0  416436  27516  13076 S   0,0   0,2   0:00.00 pool-sp+
   3479 bruno     20   0  416436  27516  13076 S   0,0   0,2   0:00.02 gdbus
   3552 bruno     20   0  416436  27516  13076 S   0,0   0,2   0:00.00 dconf w+
   3423 bruno     20   0  407848  23728  11456 S   0,0   0,2   0:00.00 gsd-key+
   3446 bruno     20   0  407848  23728  11456 S   0,0   0,2   0:00.00 pool-sp+
   3459 bruno     20   0  407848  23728  11456 S   0,0   0,2   0:00.00 gmain
   3471 bruno     20   0  407848  23728  11456 S   0,0   0,2   0:00.01 gdbus
   3519 bruno     20   0  407848  23728  11456 S   0,0   0,2   0:00.00 dconf w+
   3426 bruno     20   0  783256  37684  16192 S   0,0   0,3   0:00.04 gsd-med+
   3469 bruno     20   0  783256  37684  16192 S   0,0   0,3   0:00.00 pool-sp+
   3470 bruno     20   0  783256  37684  16192 S   0,0   0,3   0:00.00 gmain
   3474 bruno     20   0  783256  37684  16192 S   0,0   0,3   0:00.01 gdbus
   3550 bruno     20   0  783256  37684  16192 S   0,0   0,3   0:00.00 dconf w+
   3427 bruno     20   0  566904  30636  13724 S   0,0   0,3   0:00.02 gsd-pow+
   3467 bruno     20   0  566904  30636  13724 S   0,0   0,3   0:00.00 gmain
   3468 bruno     20   0  566904  30636  13724 S   0,0   0,3   0:00.00 pool-sp+
   3473 bruno     20   0  566904  30636  13724 S   0,0   0,3   0:00.02 gdbus
   3560 bruno     20   0  566904  30636  13724 S   0,0   0,3   0:00.00 dconf w+
   3436 bruno     20   0  331100  20548  10628 S   0,0   0,2   0:00.01 gsd-pri+
   3514 bruno     20   0  331100  20548  10628 S   0,0   0,2   0:00.00 gmain
   3515 bruno     20   0  331100  20548  10628 S   0,0   0,2   0:00.00 pool-sp+
   3525 bruno     20   0  331100  20548  10628 S   0,0   0,2   0:00.01 gdbus
   3441 bruno     20   0  458880  19916   6916 S   0,0   0,2   0:00.00 gsd-rfk+
   3495 bruno     20   0  458880  19916   6916 S   0,0   0,2   0:00.00 gmain
   3496 bruno     20   0  458880  19916   6916 S   0,0   0,2   0:00.00 pool-sp+
   3516 bruno     20   0  458880  19916   6916 S   0,0   0,2   0:00.00 gdbus
   3451 bruno     20   0  313764  15856   6896 S   0,0   0,1   0:00.00 gsd-dis+
   3456 bruno     20   0  313764  15856   6896 S   0,0   0,1   0:00.00 pool-sp+
   3457 bruno     20   0  313764  15856   6896 S   0,0   0,1   0:00.00 gmain
   3464 bruno     20   0  313764  15856   6896 S   0,0   0,1   0:00.00 gdbus
   3452 bruno     20   0  172108  11236   6540 S   0,0   0,1   0:00.00 gsd-scr+
   3477 bruno     20   0  172108  11236   6540 S   0,0   0,1   0:00.00 gmain
   3478 bruno     20   0  172108  11236   6540 S   0,0   0,1   0:00.00 pool-sp+
   3481 bruno     20   0  172108  11236   6540 S   0,0   0,1   0:00.01 gdbus
   3458 bruno     20   0  484920  27584  12944 S   0,0   0,2   0:00.00 gsd-sha+
   3533 bruno     20   0  484920  27584  12944 S   0,0   0,2   0:00.00 pool-sp+
   3534 bruno     20   0  484920  27584  12944 S   0,0   0,2   0:00.00 gmain
   3557 bruno     20   0  484920  27584  12944 S   0,0   0,2   0:00.01 gdbus
   3570 bruno     20   0  484920  27584  12944 S   0,0   0,2   0:00.00 dconf w+
   3462 bruno     20   0 1019496  84436  49540 S   0,0   0,7   0:00.09 evoluti+
   3562 bruno     20   0 1019496  84436  49540 S   0,0   0,7   0:00.00 [pango]+
   3563 bruno     20   0 1019496  84436  49540 S   0,0   0,7   0:00.00 pool-sp+
   3564 bruno     20   0 1019496  84436  49540 S   0,0   0,7   0:00.00 gmain
   3574 bruno     20   0 1019496  84436  49540 S   0,0   0,7   0:00.00 gdbus
   3597 bruno     20   0 1019496  84436  49540 S   0,0   0,7   0:00.00 dconf w+
   4002 bruno     20   0 1019496  84436  49540 S   0,0   0,7   0:00.00 evoluti+
   4016 bruno     20   0 1019496  84436  49540 S   0,0   0,7   0:00.00 cal-cli+
   3465 bruno     20   0  409312  24448  12088 S   0,0   0,2   0:00.00 gsd-sma+
   3521 bruno     20   0  409312  24448  12088 S   0,0   0,2   0:00.00 gmain
   3522 bruno     20   0  409312  24448  12088 S   0,0   0,2   0:00.00 pool-sp+
   3528 bruno     20   0  409312  24448  12088 S   0,0   0,2   0:00.01 gdbus
   3599 bruno     20   0  409312  24448  12088 S   0,0   0,2   0:00.00 dconf w+
   3482 bruno     20   0  280920  21368  12848 S   0,0   0,2   0:00.01 gsd-sou+
   3536 bruno     20   0  280920  21368  12848 S   0,0   0,2   0:00.00 gmain
   3537 bruno     20   0  280920  21368  12848 S   0,0   0,2   0:00.00 pool-sp+
   3556 bruno     20   0  280920  21368  12848 S   0,0   0,2   0:00.00 gdbus
   3579 bruno     20   0  280920  21368  12848 S   0,0   0,2   0:00.00 dconf w+
   3485 bruno     20   0  562352  29248  12568 S   0,0   0,3   0:00.00 gsd-usb+
   3531 bruno     20   0  562352  29248  12568 S   0,0   0,3   0:00.00 gmain
   3532 bruno     20   0  562352  29248  12568 S   0,0   0,3   0:00.00 pool-sp+
   3558 bruno     20   0  562352  29248  12568 S   0,0   0,3   0:00.01 gdbus
   3611 bruno     20   0  562352  29248  12568 S   0,0   0,3   0:00.00 dconf w+
   3490 bruno     20   0  672756  54036  28668 S   0,0   0,5   0:00.07 update-+
   3520 bruno     20   0  672756  54036  28668 S   0,0   0,5   0:00.00 [pango]+
   3523 bruno     20   0  672756  54036  28668 S   0,0   0,5   0:00.00 pool-sp+
   3524 bruno     20   0  672756  54036  28668 S   0,0   0,5   0:00.05 gmain
   3535 bruno     20   0  672756  54036  28668 S   0,0   0,5   0:00.00 gdbus
   3554 bruno     20   0  672756  54036  28668 S   0,0   0,5   0:00.00 dconf w+
   3491 bruno     20   0  413732  25580  13048 S   0,0   0,2   0:00.00 gsd-wwan
   3543 bruno     20   0  413732  25580  13048 S   0,0   0,2   0:00.00 gmain
   3544 bruno     20   0  413732  25580  13048 S   0,0   0,2   0:00.00 pool-sp+
   3559 bruno     20   0  413732  25580  13048 S   0,0   0,2   0:00.01 gdbus
   3600 bruno     20   0  413732  25580  13048 S   0,0   0,2   0:00.00 dconf w+
   3530 bruno     20   0  410476  25088  12644 S   0,0   0,2   0:00.01 gvfs-ud+
   3546 bruno     20   0  410476  25088  12644 S   0,0   0,2   0:00.00 pool-sp+
   3548 bruno     20   0  410476  25088  12644 S   0,0   0,2   0:00.00 gmain
   3549 bruno     20   0  410476  25088  12644 S   0,0   0,2   0:00.00 gdbus
   3586 bruno     20   0  410476  25088  12644 S   0,0   0,2   0:00.00 dconf w+
   3571 bruno     20   0  193036  16516  10512 S   0,0   0,1   0:00.00 ibus-me+
   3580 bruno     20   0  193036  16516  10512 S   0,0   0,1   0:00.00 pool-sp+
   3581 bruno     20   0  193036  16516  10512 S   0,0   0,1   0:00.00 gmain
   3603 bruno     20   0  193036  16516  10512 S   0,0   0,1   0:00.00 gdbus
   3575 bruno     20   0  529396  54020  24548 S   0,0   0,5   0:01.58 ibus-ex+
   3612 bruno     20   0  529396  54020  24548 S   0,0   0,5   0:00.00 [pango]+
   3616 bruno     20   0  529396  54020  24548 S   0,0   0,5   0:00.00 pool-sp+
   3617 bruno     20   0  529396  54020  24548 S   0,0   0,5   0:00.00 gmain
   3626 bruno     20   0  529396  54020  24548 S   0,0   0,5   0:00.35 gdbus
   3639 bruno     20   0  529396  54020  24548 S   0,0   0,5   0:00.00 dconf w+
   3585 bruno     20   0  333640  22608  10596 S   0,0   0,2   0:00.00 ibus-po+
   3589 bruno     20   0  333640  22608  10596 S   0,0   0,2   0:00.00 gmain
   3591 bruno     20   0  333640  22608  10596 S   0,0   0,2   0:00.00 pool-sp+
   3601 bruno     20   0  333640  22608  10596 S   0,0   0,2   0:00.00 gdbus
   3587 bruno     39  19  901844  46952  19460 S   0,0   0,4   0:00.09 localse+
   3619 bruno     39  19  901844  46952  19460 S   0,0   0,4   0:00.00 pool-sp+
   3620 bruno     39  19  901844  46952  19460 S   0,0   0,4   0:00.00 gmain
   3627 bruno     39  19  901844  46952  19460 S   0,0   0,4   0:00.02 gdbus
   3653 bruno     39  19  901844  46952  19460 S   0,0   0,4   0:00.00 Monitor+
   3656 bruno     39  19  901844  46952  19460 S   0,0   0,4   0:00.06 pool-2
   3701 bruno     39  19  901844  46952  19460 S   0,0   0,4   0:00.00 SPARQL +
   3703 bruno     39  19  901844  46952  19460 S   0,0   0,4   0:00.00 dconf w+
   3596 bruno     20   0  403108  20444   8784 S   0,0   0,2   0:00.00 gsd-pri+
   3613 bruno     20   0  403108  20444   8784 S   0,0   0,2   0:00.00 pool-sp+
   3614 bruno     20   0  403108  20444   8784 S   0,0   0,2   0:00.00 gmain
   3623 bruno     20   0  403108  20444   8784 S   0,0   0,2   0:00.00 gdbus
   3624 bruno     20   0  392288  18836   7504 S   0,0   0,2   0:00.00 gvfs-af+
   3649 bruno     20   0  392288  18836   7504 S   0,0   0,2   0:00.10 gvfs-af+
   3650 bruno     20   0  392288  18836   7504 S   0,0   0,2   0:00.00 pool-sp+
   3651 bruno     20   0  392288  18836   7504 S   0,0   0,2   0:00.00 gmain
   3655 bruno     20   0  392288  18836   7504 S   0,0   0,2   0:00.00 gdbus
   3631 bruno     20   0 2688876  41460  18504 S   0,0   0,4   0:00.02 gjs
   3643 bruno     20   0 2688876  41460  18504 S   0,0   0,4   0:00.00 pool-sp+
   3644 bruno     20   0 2688876  41460  18504 S   0,0   0,4   0:00.00 gmain
   3646 bruno     20   0 2688876  41460  18504 S   0,0   0,4   0:00.00 gdbus
   3658 bruno     20   0 2688876  41460  18504 S   0,0   0,4   0:00.00 JS Help+
   3659 bruno     20   0 2688876  41460  18504 S   0,0   0,4   0:00.00 JS Help+
   3660 bruno     20   0 2688876  41460  18504 S   0,0   0,4   0:00.00 JS Help+
   3661 bruno     20   0 2688876  41460  18504 S   0,0   0,4   0:00.00 JS Help+
   3662 bruno     20   0 2688876  41460  18504 S   0,0   0,4   0:00.00 JS Help+
   3648 bruno     20   0  478132  36428  21640 S   0,0   0,3   0:00.01 goa-dae+
   3664 bruno     20   0  478132  36428  21640 S   0,0   0,3   0:00.00 gmain
   3665 bruno     20   0  478132  36428  21640 S   0,0   0,3   0:00.00 pool-sp+
   3667 bruno     20   0  478132  36428  21640 S   0,0   0,3   0:00.00 gdbus
   3657 bruno     20   0  311516  15168   6228 S   0,0   0,1   0:00.00 gvfs-gp+
   3671 bruno     20   0  311516  15168   6228 S   0,0   0,1   0:00.00 pool-sp+
   3672 bruno     20   0  311516  15168   6228 S   0,0   0,1   0:00.00 gmain
   3674 bruno     20   0  311516  15168   6228 S   0,0   0,1   0:00.00 gdbus
   3670 bruno     20   0  555904  27748  11372 S   0,0   0,2   0:00.00 goa-ide+
   3676 bruno     20   0  555904  27748  11372 S   0,0   0,2   0:00.00 pool-sp+
   3677 bruno     20   0  555904  27748  11372 S   0,0   0,2   0:00.02 gmain
   3680 bruno     20   0  555904  27748  11372 S   0,0   0,2   0:00.00 gdbus
   3683 bruno     20   0  920620  52084  24036 S   0,0   0,4   0:00.01 evoluti+
   3690 bruno     20   0  920620  52084  24036 S   0,0   0,4   0:00.00 gmain
   3691 bruno     20   0  920620  52084  24036 S   0,0   0,4   0:00.00 pool-sp+
   3692 bruno     20   0  920620  52084  24036 S   0,0   0,4   0:00.00 gdbus
   3704 bruno     20   0  920620  52084  24036 S   0,0   0,4   0:00.00 dconf w+
   3705 bruno     20   0  920620  52084  24036 S   0,0   0,4   0:00.00 evoluti+
   3709 bruno     20   0  920620  52084  24036 S   0,0   0,4   0:00.00 pool-2
   3711 bruno     20   0  920620  52084  24036 S   0,0   0,4   0:00.00 pool-3
   3712 bruno     20   0  920620  52084  24036 S   0,0   0,4   0:00.00 book-cl+
   4025 bruno     20   0  920620  52084  24036 S   0,0   0,4   0:00.00 pool-4
   3684 bruno     20   0  308928  14728   5908 S   0,0   0,1   0:00.00 gvfs-mt+
   3686 bruno     20   0  308928  14728   5908 S   0,0   0,1   0:00.00 pool-sp+
   3687 bruno     20   0  308928  14728   5908 S   0,0   0,1   0:00.00 gmain
   3689 bruno     20   0  308928  14728   5908 S   0,0   0,1   0:00.00 gdbus
   3693 bruno     20   0  308756  14556   5788 S   0,0   0,1   0:00.00 gvfs-go+
   3694 bruno     20   0  308756  14556   5788 S   0,0   0,1   0:00.00 pool-sp+
   3695 bruno     20   0  308756  14556   5788 S   0,0   0,1   0:00.00 gmain
   3696 bruno     20   0  308756  14556   5788 S   0,0   0,1   0:00.00 gdbus
   3698 bruno     20   0  219852  52740  39620 S   0,0   0,5   0:03.45 Xwayland
   3713 bruno     20   0  843240  49568  25656 S   0,0   0,4   0:00.01 evoluti+
   3716 bruno     20   0  843240  49568  25656 S   0,0   0,4   0:00.00 gmain
   3717 bruno     20   0  843240  49568  25656 S   0,0   0,4   0:00.00 pool-sp+
   3718 bruno     20   0  843240  49568  25656 S   0,0   0,4   0:00.00 gdbus
   3723 bruno     20   0  843240  49568  25656 S   0,0   0,4   0:00.00 dconf w+
   3724 bruno     20   0  843240  49568  25656 S   0,0   0,4   0:00.00 evoluti+
   3782 bruno     20   0  843240  49568  25656 S   0,0   0,4   0:00.00 pool-2
   3771 bruno     20   0  193088  17388  11348 S   0,0   0,1   0:00.34 ibus-en+
   3778 bruno     20   0  193088  17388  11348 S   0,0   0,1   0:00.00 pool-sp+
   3779 bruno     20   0  193088  17388  11348 S   0,0   0,1   0:00.00 gmain
   3781 bruno     20   0  193088  17388  11348 S   0,0   0,1   0:00.78 gdbus
   3789 bruno     20   0 3291140  98500  51276 S   0,0   0,8   0:00.76 gjs
   3794 bruno     20   0 3291140  98500  51276 S   0,0   0,8   0:00.00 pool-sp+
   3795 bruno     20   0 3291140  98500  51276 S   0,0   0,8   0:00.00 gmain
   3796 bruno     20   0 3291140  98500  51276 S   0,0   0,8   0:00.07 gdbus
   3797 bruno     20   0 3291140  98500  51276 S   0,0   0,8   0:00.05 JS Help+
   3798 bruno     20   0 3291140  98500  51276 S   0,0   0,8   0:00.00 JS Help+
   3799 bruno     20   0 3291140  98500  51276 S   0,0   0,8   0:00.00 JS Help+
   3800 bruno     20   0 3291140  98500  51276 S   0,0   0,8   0:00.00 JS Help+
   3801 bruno     20   0 3291140  98500  51276 S   0,0   0,8   0:00.00 JS Help+
   3832 bruno     20   0 3291140  98500  51276 S   0,0   0,8   0:00.00 [pango]+
   3837 bruno     20   0 3291140  98500  51276 S   0,0   0,8   0:00.00 dconf w+
   4033 bruno     20   0 3291140  98500  51276 S   0,0   0,8   0:00.00 gly-glo+
   4034 bruno     20   0 3291140  98500  51276 S   0,0   0,8   0:00.00 async-io
   3866 bruno     20   0  170024  10960   6264 S   0,0   0,1   0:00.01 gvfsd-m+
   3867 bruno     20   0  170024  10960   6264 S   0,0   0,1   0:00.00 pool-sp+
   3868 bruno     20   0  170024  10960   6264 S   0,0   0,1   0:00.00 gmain
   3869 bruno     20   0  170024  10960   6264 S   0,0   0,1   0:00.01 gdbus
   3914 bruno     20   0  167232  10172   5528 S   0,0   0,1   0:00.00 dconf-s+
   3927 bruno     20   0  167232  10172   5528 S   0,0   0,1   0:00.00 pool-sp+
   3928 bruno     20   0  167232  10172   5528 S   0,0   0,1   0:00.00 gmain
   3929 bruno     20   0  167232  10172   5528 S   0,0   0,1   0:00.00 gdbus
   3936 bruno     20   0  629704  29976  11676 S   0,0   0,3   0:00.00 gvfsd-t+
   3937 bruno     20   0  629704  29976  11676 S   0,0   0,3   0:00.00 pool-sp+
   3938 bruno     20   0  629704  29976  11676 S   0,0   0,3   0:00.00 gmain
   3939 bruno     20   0  629704  29976  11676 S   0,0   0,3   0:00.00 gdbus
   3942 bruno     20   0  629704  29976  11676 S   0,0   0,3   0:00.00 Trash W+
   3995 bruno     20   0  634492  34408  14676 S   0,0   0,3   0:00.02 xdg-des+
   3996 bruno     20   0  634492  34408  14676 S   0,0   0,3   0:00.06 gmain
   3997 bruno     20   0  634492  34408  14676 S   0,0   0,3   0:00.00 pool-sp+
   3998 bruno     20   0  634492  34408  14676 S   0,0   0,3   0:00.06 gdbus
   4116 bruno     20   0  634492  34408  14676 S   0,0   0,3   0:00.00 dconf w+
   4124 bruno     20   0  634492  34408  14676 S   0,0   0,3   0:00.00 module-+
  19343 bruno     20   0  634492  34408  14676 S   0,0   0,3   0:00.00 pool-80
  19344 bruno     20   0  634492  34408  14676 S   0,0   0,3   0:00.00 pool-81
  19345 bruno     20   0  634492  34408  14676 S   0,0   0,3   0:00.00 pool-82
   4006 bruno     20   0  626728  53460  30260 S   0,0   0,5   0:00.13 xdg-des+
   4010 bruno     20   0  626728  53460  30260 S   0,0   0,5   0:00.00 pool-sp+
   4011 bruno     20   0  626728  53460  30260 S   0,0   0,5   0:00.00 gmain
   4012 bruno     20   0  626728  53460  30260 S   0,0   0,5   0:00.09 gdbus
   4021 bruno     20   0  626728  53460  30260 S   0,0   0,5   0:00.00 [pango]+
   4053 bruno     20   0  626728  53460  30260 S   0,0   0,5   0:00.00 dconf w+
   4017 root       0 -20       0      0      0 I   0,0   0,0   0:00.00 kworker+
   4022 bruno     20   0  276804  24864  14444 S   0,0   0,2   0:00.01 gsd-xse+
   4029 bruno     20   0  276804  24864  14444 S   0,0   0,2   0:00.00 gmain
   4030 bruno     20   0  276804  24864  14444 S   0,0   0,2   0:00.00 pool-sp+
   4031 bruno     20   0  276804  24864  14444 S   0,0   0,2   0:00.01 gdbus
   4041 bruno     20   0  276804  24864  14444 S   0,0   0,2   0:00.00 dconf w+
   4083 bruno     20   0  401960  58920  46432 S   0,0   0,5   0:00.03 ibus-x11
   4084 bruno     20   0  401960  58920  46432 S   0,0   0,5   0:00.00 pool-sp+
   4085 bruno     20   0  401960  58920  46432 S   0,0   0,5   0:00.00 gmain
   4086 bruno     20   0  401960  58920  46432 S   0,0   0,5   0:00.00 gdbus
   4087 bruno     20   0 1735480 158688  71688 S   0,0   1,4   0:00.79 mutter-+
   4089 bruno     20   0 1735480 158688  71688 S   0,0   1,4   0:00.00 pool-sp+
   4090 bruno     20   0 1735480 158688  71688 S   0,0   1,4   0:00.00 gmain
   4091 bruno     20   0 1735480 158688  71688 S   0,0   1,4   0:00.01 gdbus
   4092 bruno     20   0 1735480 158688  71688 S   0,0   1,4   0:00.00 [pango]+
   4097 bruno     20   0 1735480 158688  71688 S   0,0   1,4   0:00.00 llvmpip+
   4098 bruno     20   0 1735480 158688  71688 S   0,0   1,4   0:00.00 llvmpip+
   4099 bruno     20   0 1735480 158688  71688 S   0,0   1,4   0:00.00 llvmpip+
   4100 bruno     20   0 1735480 158688  71688 S   0,0   1,4   0:00.00 llvmpip+
   4101 bruno     20   0 1735480 158688  71688 S   0,0   1,4   0:00.00 llvmpip+
   4102 bruno     20   0 1735480 158688  71688 S   0,0   1,4   0:00.00 mutter-+
   4103 bruno     20   0 1735480 158688  71688 S   0,0   1,4   0:00.00 mutter-+
   4104 bruno     20   0 1735480 158688  71688 S   0,0   1,4   0:00.00 mutter-+
   4105 bruno     20   0 1735480 158688  71688 S   0,0   1,4   0:00.00 mutter-+
   4106 bruno     20   0 1735480 158688  71688 S   0,0   1,4   0:00.00 mutter-+
   4107 bruno     39  19 1735480 158688  71688 S   0,0   1,4   0:00.00 mutter-+
   4127 bruno     20   0 1735480 158688  71688 S   0,0   1,4   0:00.00 dconf w+
   4117 bruno     20   0  520844  45312  24052 S   0,0   0,4   0:00.07 xdg-des+
   4118 bruno     20   0  520844  45312  24052 S   0,0   0,4   0:00.00 [pango]+
   4119 bruno     20   0  520844  45312  24052 S   0,0   0,4   0:00.00 pool-sp+
   4120 bruno     20   0  520844  45312  24052 S   0,0   0,4   0:00.00 gmain
   4122 bruno     20   0  520844  45312  24052 S   0,0   0,4   0:00.03 gdbus
   4123 bruno     20   0  520844  45312  24052 S   0,0   0,4   0:00.00 dconf w+
   4408 bruno     20   0  304692   6156   5512 S   0,0   0,1   0:00.00 user-se+
   4463 bruno     20   0  304692   6156   5512 S   0,0   0,1   0:00.00 pool-sp+
   4464 bruno     20   0  304692   6156   5512 S   0,0   0,1   0:00.00 gmain
   4465 bruno     20   0  304692   6156   5512 S   0,0   0,1   0:00.00 gdbus
   4467 bruno     20   0  448332  34904  26408 S   0,0   0,3   0:00.02 snapd-d+
   4468 bruno     20   0  448332  34904  26408 S   0,0   0,3   0:00.00 gmain
   4469 bruno     20   0  448332  34904  26408 S   0,0   0,3   0:00.00 pool-sp+
   4470 bruno     20   0  448332  34904  26408 S   0,0   0,3   0:00.00 gdbus
   4471 bruno     20   0  448332  34904  26408 S   0,0   0,3   0:00.00 [pango]+
   4646 bruno     20   0 3306320 350348 115268 S   0,0   3,0   0:00.84 nautilus
   4649 bruno     20   0 3306320 350348 115268 S   0,0   3,0   0:00.00 pool-sp+
   4650 bruno     20   0 3306320 350348 115268 S   0,0   3,0   0:00.00 gmain
   4651 bruno     20   0 3306320 350348 115268 S   0,0   3,0   0:00.04 gdbus
   4652 bruno     20   0 3306320 350348 115268 S   0,0   3,0   0:00.00 pool-1
   4656 bruno     20   0 3306320 350348 115268 S   0,0   3,0   0:00.00 [pango]+
   4657 bruno     20   0 3306320 350348 115268 S   0,0   3,0   0:00.00 dconf w+
   4666 bruno     20   0 3306320 350348 115268 S   0,0   3,0   0:00.09 nautilus
   4667 bruno     20   0 3306320 350348 115268 S   0,0   3,0   0:00.06 llvmpip+
   4668 bruno     20   0 3306320 350348 115268 S   0,0   3,0   0:00.06 llvmpip+
   4669 bruno     20   0 3306320 350348 115268 S   0,0   3,0   0:00.06 llvmpip+
   4670 bruno     20   0 3306320 350348 115268 S   0,0   3,0   0:00.06 llvmpip+
   4671 bruno     20   0 3306320 350348 115268 S   0,0   3,0   0:00.06 llvmpip+
   4672 bruno     20   0 3306320 350348 115268 S   0,0   3,0   0:00.00 nautilus
   4673 bruno     20   0 3306320 350348 115268 S   0,0   3,0   0:00.00 nautilus
   4674 bruno     20   0 3306320 350348 115268 S   0,0   3,0   0:00.00 nautilus
   4675 bruno     20   0 3306320 350348 115268 S   0,0   3,0   0:00.00 nautilus
   4676 bruno     20   0 3306320 350348 115268 S   0,0   3,0   0:00.00 nautilus
   4677 bruno     39  19 3306320 350348 115268 S   0,0   3,0   0:00.00 nautilu+
   4678 bruno     20   0 3306320 350348 115268 S   0,0   3,0   0:00.00 llvmpip+
   4679 bruno     20   0 3306320 350348 115268 S   0,0   3,0   0:00.00 llvmpip+
   4680 bruno     20   0 3306320 350348 115268 S   0,0   3,0   0:00.00 llvmpip+
   4681 bruno     20   0 3306320 350348 115268 S   0,0   3,0   0:00.00 llvmpip+
   4682 bruno     20   0 3306320 350348 115268 S   0,0   3,0   0:00.00 llvmpip+
   4683 bruno     20   0 3306320 350348 115268 S   0,0   3,0   0:00.00 nautilus
   4684 bruno     20   0 3306320 350348 115268 S   0,0   3,0   0:00.00 nautilus
   4685 bruno     20   0 3306320 350348 115268 S   0,0   3,0   0:00.00 nautilus
   4686 bruno     20   0 3306320 350348 115268 S   0,0   3,0   0:00.00 nautilus
   4687 bruno     20   0 3306320 350348 115268 S   0,0   3,0   0:00.00 nautilus
   4688 bruno     39  19 3306320 350348 115268 S   0,0   3,0   0:00.00 nautilu+
   4689 bruno     20   0  409408  23784  11424 S   0,0   0,2   0:00.00 gvfsd-r+
   4691 bruno     20   0  409408  23784  11424 S   0,0   0,2   0:00.00 pool-sp+
   4692 bruno     20   0  409408  23784  11424 S   0,0   0,2   0:00.00 gmain
   4693 bruno     20   0  409408  23784  11424 S   0,0   0,2   0:00.00 gdbus
   4690 bruno     20   0  410516  25580  11608 S   0,0   0,2   0:00.00 gvfsd-n+
   4694 bruno     20   0  410516  25580  11608 S   0,0   0,2   0:00.00 pool-sp+
   4695 bruno     20   0  410516  25580  11608 S   0,0   0,2   0:00.00 gmain
   4697 bruno     20   0  410516  25580  11608 S   0,0   0,2   0:00.00 gdbus
   4699 bruno     20   0  410516  25580  11608 S   0,0   0,2   0:00.00 dconf w+
   4700 bruno     20   0  390392  18956   7748 S   0,0   0,2   0:00.00 gvfsd-d+
   4701 bruno     20   0  390392  18956   7748 S   0,0   0,2   0:00.00 pool-sp+
   4702 bruno     20   0  390392  18956   7748 S   0,0   0,2   0:00.00 gmain
   4703 bruno     20   0  390392  18956   7748 S   0,0   0,2   0:00.00 gdbus
   4706 bruno     20   0  409204  23704  11608 S   0,0   0,2   0:00.04 gvfsd-w+
   4707 bruno     20   0  409204  23704  11608 S   0,0   0,2   0:00.00 pool-sp+
   4708 bruno     20   0  409204  23704  11608 S   0,0   0,2   0:00.00 gmain
   4709 bruno     20   0  409204  23704  11608 S   0,0   0,2   0:00.00 gdbus
   4711 bruno     20   0   44784  33424  12412 S   0,0   0,3   0:00.12 python3
   4714 uuidd     20   0    7612   2556   2400 S   0,0   0,0   0:00.01 uuidd
   5076 bruno     20   0 4742760 405844 127980 S   0,0   3,5   0:01.71 gnome-c+
   5079 bruno     20   0 4742760 405844 127980 S   0,0   3,5   0:00.00 gnome-c+
   5080 bruno     20   0 4742760 405844 127980 S   0,0   3,5   0:00.00 pool-sp+
   5081 bruno     20   0 4742760 405844 127980 S   0,0   3,5   0:00.00 gmain
   5082 bruno     20   0 4742760 405844 127980 S   0,0   3,5   0:00.00 gnome-c+
   5083 bruno     20   0 4742760 405844 127980 S   0,0   3,5   0:00.00 gnome-c+
   5084 bruno     20   0 4742760 405844 127980 S   0,0   3,5   0:00.00 gnome-c+
   5085 bruno     20   0 4742760 405844 127980 S   0,0   3,5   0:00.00 gnome-c+
   5086 bruno     20   0 4742760 405844 127980 S   0,0   3,5   0:00.03 gdbus
   5087 bruno     20   0 4742760 405844 127980 S   0,0   3,5   0:00.00 gnome-c+
   5088 bruno     20   0 4742760 405844 127980 S   0,0   3,5   0:00.00 [pango]+
   5091 bruno     20   0 4742760 405844 127980 S   0,0   3,5   0:00.00 dconf w+
   5121 bruno     20   0 4742760 405844 127980 S   0,0   3,5   0:00.21 gnome-c+
   5122 bruno     20   0 4742760 405844 127980 S   0,0   3,5   0:00.12 llvmpip+
   5123 bruno     20   0 4742760 405844 127980 S   0,0   3,5   0:00.12 llvmpip+
   5124 bruno     20   0 4742760 405844 127980 S   0,0   3,5   0:00.11 llvmpip+
   5125 bruno     20   0 4742760 405844 127980 S   0,0   3,5   0:00.13 llvmpip+
   5126 bruno     20   0 4742760 405844 127980 S   0,0   3,5   0:00.10 llvmpip+
   5127 bruno     20   0 4742760 405844 127980 S   0,0   3,5   0:00.00 gnome-c+
   5128 bruno     20   0 4742760 405844 127980 S   0,0   3,5   0:00.00 gnome-c+
   5129 bruno     20   0 4742760 405844 127980 S   0,0   3,5   0:00.00 gnome-c+
   5130 bruno     20   0 4742760 405844 127980 S   0,0   3,5   0:00.00 gnome-c+
   5131 bruno     20   0 4742760 405844 127980 S   0,0   3,5   0:00.00 gnome-c+
   5132 bruno     39  19 4742760 405844 127980 S   0,0   3,5   0:00.00 gnome-c+
   5133 bruno     20   0 4742760 405844 127980 S   0,0   3,5   0:00.00 llvmpip+
   5134 bruno     20   0 4742760 405844 127980 S   0,0   3,5   0:00.00 llvmpip+
   5135 bruno     20   0 4742760 405844 127980 S   0,0   3,5   0:00.00 llvmpip+
   5136 bruno     20   0 4742760 405844 127980 S   0,0   3,5   0:00.00 llvmpip+
   5137 bruno     20   0 4742760 405844 127980 S   0,0   3,5   0:00.00 llvmpip+
   5138 bruno     20   0 4742760 405844 127980 S   0,0   3,5   0:00.00 gnome-c+
   5139 bruno     20   0 4742760 405844 127980 S   0,0   3,5   0:00.00 gnome-c+
   5140 bruno     20   0 4742760 405844 127980 S   0,0   3,5   0:00.00 gnome-c+
   5141 bruno     20   0 4742760 405844 127980 S   0,0   3,5   0:00.00 gnome-c+
   5142 bruno     20   0 4742760 405844 127980 S   0,0   3,5   0:00.00 gnome-c+
   5143 bruno     39  19 4742760 405844 127980 S   0,0   3,5   0:00.00 gnome-c+
   5148 bruno     20   0 4742760 405844 127980 S   0,0   3,5   0:00.00 gly-glo+
   5149 bruno     20   0 4742760 405844 127980 S   0,0   3,5   0:00.00 async-io
   5255 root      20   0       0      0      0 I   0,0   0,0   0:00.14 kworker+
  12384 bruno     20   0   11,9g 814588 289852 S   0,0   7,0   1:06.34 firefox
  12452 bruno     20   0   11,9g 814588 289852 S   0,0   7,0   0:00.00 AsyncSi+
  12456 bruno     20   0   11,9g 814588 289852 S   0,0   7,0   0:00.00 [pango]+
  12457 bruno     20   0   11,9g 814588 289852 S   0,0   7,0   0:15.35 Wayland+
  12458 bruno     20   0   11,9g 814588 289852 S   0,0   7,0   0:00.00 pool-sp+
  12459 bruno     20   0   11,9g 814588 289852 S   0,0   7,0   0:00.00 gmain
  12460 bruno     20   0   11,9g 814588 289852 S   0,0   7,0   0:00.16 gdbus
  12478 bruno     20   0   11,9g 814588 289852 S   0,0   7,0   0:15.14 glean.d+
  12480 bruno     20   0   11,9g 814588 289852 S   0,0   7,0   0:05.53 IPC I/O+
  12481 bruno     20   0   11,9g 814588 289852 S   0,0   7,0   0:01.12 Timer
  12482 bruno     20   0   11,9g 814588 289852 S   0,0   7,0   0:00.00 Netlink+
  12483 bruno     20   0   11,9g 814588 289852 S   0,0   7,0   0:04.88 Socket +
  12484 bruno     20   0   11,9g 814588 289852 S   0,0   7,0   0:02.32 IPDL Ba+
  12487 bruno     20   0   11,9g 814588 289852 S   0,0   7,0   0:00.00 dconf w+
  12488 bruno     20   0   11,9g 814588 289852 S   0,0   7,0   0:00.00 HTML5 P+
  12489 bruno     20   0   11,9g 814588 289852 S   0,0   7,0   0:00.02 StyleTh+
  12490 bruno     20   0   11,9g 814588 289852 S   0,0   7,0   0:00.01 StyleTh+
  12495 bruno     20   0   11,9g 814588 289852 S   0,0   7,0   0:00.06 JS Watc+
  12497 bruno     20   0   11,9g 814588 289852 S   0,0   7,0   0:01.20 Cache2 +
  12499 bruno     20   0   11,9g 814588 289852 S   0,0   7,0   0:00.00 Cookie
  12500 bruno     20   0   11,9g 814588 289852 S   0,0   7,0   0:00.83 TaskCon+
  12501 bruno     20   0   11,9g 814588 289852 S   0,0   7,0   0:00.11 TaskCon+
  12502 bruno     20   0   11,9g 814588 289852 S   0,0   7,0   0:00.02 TaskCon+
  12503 bruno     20   0   11,9g 814588 289852 S   0,0   7,0   0:00.01 TaskCon+
  12504 bruno     20   0   11,9g 814588 289852 S   0,0   7,0   0:00.00 TaskCon+
  12508 bruno     20   0   11,9g 814588 289852 S   0,0   7,0   0:00.00 Worker +
  12509 bruno     20   0   11,9g 814588 289852 S   0,0   7,0   0:00.06 QuotaMa+
  12524 bruno     20   0   11,9g 814588 289852 S   0,0   7,0   0:00.35 Softwar+
  12526 bruno     20   0   11,9g 814588 289852 S   0,0   7,0   0:00.01 WRWorke+
  12527 bruno     20   0   11,9g 814588 289852 S   0,0   7,0   0:00.00 WRWorke+
  12528 bruno     20   0   11,9g 814588 289852 S   0,0   7,0   0:00.00 WRWorke+
  12529 bruno     20   0   11,9g 814588 289852 S   0,0   7,0   0:00.00 WRWorke+
  12530 bruno     20   0   11,9g 814588 289852 S   0,0   7,0   0:00.36 WRWorke+
  12531 bruno     20   0   11,9g 814588 289852 S   0,0   7,0   0:00.26 WRWorke+
  12532 bruno     20   0   11,9g 814588 289852 S   0,0   7,0   0:00.23 WRWorke+
  12533 bruno     20   0   11,9g 814588 289852 S   0,0   7,0   0:00.19 WRWorke+
  12534 bruno     20   0   11,9g 814588 289852 S   0,0   7,0   0:00.13 WRWorke+
  12535 bruno     20   0   11,9g 814588 289852 S   0,0   7,0   0:00.33 WrGlyph+
  12536 bruno     20   0   11,9g 814588 289852 S   0,0   7,0   0:12.36 Composi+
  12537 bruno     20   0   11,9g 814588 289852 S   0,0   7,0   0:00.25 CanvasR+
  12538 bruno     20   0   11,9g 814588 289852 S   0,0   7,0   0:00.00 ImageIO
  12539 bruno     20   0   11,9g 814588 289852 S   0,0   7,0   0:00.00 IPC Lau+
  12541 bruno     20   0   11,9g 814588 289852 S   0,0   7,0   0:00.02 Permiss+
  12542 bruno     20   0   11,9g 814588 289852 S   0,0   7,0   0:00.00 Sandbox+
  12550 bruno     20   0   11,9g 814588 289852 S   0,0   7,0   0:00.00 FSBroke+
  12577 bruno     20   0   11,9g 814588 289852 S   0,0   7,0   0:00.00 GMPThre+
  12580 bruno     20   0   11,9g 814588 289852 S   0,0   7,0   0:00.00 ImageBr+
  12581 bruno     20   0   11,9g 814588 289852 S   0,0   7,0   0:00.00 FSBroke+
  12582 bruno     20   0   11,9g 814588 289852 S   0,0   7,0   0:00.00 Process+
  12589 bruno     20   0   11,9g 814588 289852 S   0,0   7,0   0:10.72 SwCompo+
  12593 bruno     20   0   11,9g 814588 289852 S   0,0   7,0   0:11.89 WRScene+
  12594 bruno     20   0   11,9g 814588 289852 S   0,0   7,0   0:01.15 WRScene+
  12595 bruno     20   0   11,9g 814588 289852 S   0,0   7,0   0:26.61 WRRende+
  12605 bruno     20   0   11,9g 814588 289852 S   0,0   7,0   0:00.00 FSBroke+
  12606 bruno     20   0   11,9g 814588 289852 S   0,0   7,0   0:00.00 AudioIP+
  12607 bruno    -11   0   11,9g 814588 289852 S   0,0   7,0   0:00.00 AudioIP+
  12608 bruno     20   0   11,9g 814588 289852 S   0,0   7,0   0:00.00 AudioIP+
  12622 bruno     20   0   11,9g 814588 289852 S   0,0   7,0   0:00.23 sqldb:p+
  12762 bruno     20   0   11,9g 814588 289852 S   0,0   7,0   0:00.00 sqldb:9+
  12763 bruno     20   0   11,9g 814588 289852 S   0,0   7,0   0:00.02 sqldb:p+
  12764 bruno     20   0   11,9g 814588 289852 S   0,0   7,0   0:00.01 sqldb:c+
  12789 bruno     20   0   11,9g 814588 289852 S   0,0   7,0   0:00.00 FSBroke+
  12809 bruno     20   0   11,9g 814588 289852 S   0,0   7,0   0:00.00 RemoteL+
  12811 bruno     20   0   11,9g 814588 289852 S   0,0   7,0   0:00.38 URL Cla+
  12952 bruno     20   0   11,9g 814588 289852 S   0,0   7,0   0:00.00 FSBroke+
  12962 bruno     20   0   11,9g 814588 289852 S   0,0   7,0   0:00.11 LS Thre+
  12974 bruno     20   0   11,9g 814588 289852 S   0,0   7,0   0:00.04 DOM Wor+
  12978 bruno     20   0   11,9g 814588 289852 S   0,0   7,0   0:00.03 sqldb:p+
  12979 bruno     20   0   11,9g 814588 289852 S   0,0   7,0   0:00.00 sqldb:d+
  12980 bruno     20   0   11,9g 814588 289852 S   0,0   7,0   0:00.06 MemoryP+
  13113 bruno     20   0   11,9g 814588 289852 S   0,0   7,0   0:00.00 FSBroke+
  13245 bruno     20   0   11,9g 814588 289852 S   0,0   7,0   0:00.02 glean.m+
  13320 bruno     20   0   11,9g 814588 289852 S   0,0   7,0   0:00.00 sqldb:f+
  13321 bruno     20   0   11,9g 814588 289852 S   0,0   7,0   0:00.06 sqldb:p+
  13322 bruno     20   0   11,9g 814588 289852 S   0,0   7,0   0:00.17 sqldb:c+
  13349 bruno     20   0   11,9g 814588 289852 S   0,0   7,0   0:00.00 FSBroke+
  13375 bruno     20   0   11,9g 814588 289852 S   0,0   7,0   0:00.18 DOM Wor+
  13427 bruno     20   0   11,9g 814588 289852 S   0,0   7,0   0:00.00 FSBroke+
  13474 bruno     20   0   11,9g 814588 289852 S   0,0   7,0   0:00.00 DOM Wor+
  13523 bruno     20   0   11,9g 814588 289852 S   0,0   7,0   0:00.00 sqldb:p+
  13564 bruno     20   0   11,9g 814588 289852 S   0,0   7,0   0:00.00 llvmpip+
  13565 bruno     20   0   11,9g 814588 289852 S   0,0   7,0   0:00.00 llvmpip+
  13566 bruno     20   0   11,9g 814588 289852 S   0,0   7,0   0:00.00 llvmpip+
  13567 bruno     20   0   11,9g 814588 289852 S   0,0   7,0   0:00.00 llvmpip+
  13568 bruno     20   0   11,9g 814588 289852 S   0,0   7,0   0:00.00 llvmpip+
  13569 bruno     20   0   11,9g 814588 289852 S   0,0   7,0   0:00.00 CanvasR+
  13570 bruno     20   0   11,9g 814588 289852 S   0,0   7,0   0:00.00 CanvasR+
  13571 bruno     20   0   11,9g 814588 289852 S   0,0   7,0   0:00.00 CanvasR+
  13572 bruno     20   0   11,9g 814588 289852 S   0,0   7,0   0:00.00 CanvasR+
  13573 bruno     20   0   11,9g 814588 289852 S   0,0   7,0   0:00.00 CanvasR+
  13574 bruno     39  19   11,9g 814588 289852 S   0,0   7,0   0:00.00 firefox+
  13752 bruno     20   0   11,9g 814588 289852 S   0,0   7,0   0:00.08 BgIOThr+
  17748 bruno     20   0   11,9g 814588 289852 S   0,0   7,0   0:00.00 FSBroke+
  17756 bruno     20   0   11,9g 814588 289852 S   0,0   7,0   0:00.00 FSBroke+
  17854 bruno     20   0   11,9g 814588 289852 S   0,0   7,0   0:00.00 FSBroke+
  18133 bruno     20   0   11,9g 814588 289852 S   0,0   7,0   0:00.01 DOM Wor+
  18294 bruno     20   0   11,9g 814588 289852 S   0,0   7,0   0:00.01 threade+
  19247 bruno     20   0   11,9g 814588 289852 S   0,0   7,0   0:00.06 StreamT+
  19252 bruno     20   0   11,9g 814588 289852 S   0,0   7,0   0:00.00 Indexed+
  19253 bruno     20   0   11,9g 814588 289852 S   0,0   7,0   0:00.05 StreamT+
  19254 bruno     20   0   11,9g 814588 289852 S   0,0   7,0   0:00.00 Backgro+
  19310 bruno     20   0   11,9g 814588 289852 S   0,0   7,0   0:00.00 DNS Res+
  19311 bruno     20   0   11,9g 814588 289852 S   0,0   7,0   0:00.00 DNS Res+
  12454 bruno     20   0  148556   3104   2600 S   0,0   0,0   0:00.00 crashhe+
  12455 bruno     20   0  148556   3104   2600 S   0,0   0,0   0:00.00 crashhe+
  12540 bruno     20   0  451680  33032  23864 S   0,0   0,3   0:00.04 forkser+
  12543 bruno     20   0  464064  34864  24488 S   0,0   0,3   0:00.00 Socket +
  12546 bruno     20   0  464064  34864  24488 S   0,0   0,3   0:00.00 AsyncSi+
  12547 bruno     20   0  464064  34864  24488 S   0,0   0,3   0:00.00 IPC I/O+
  12549 bruno     20   0  464064  34864  24488 S   0,0   0,3   0:00.00 Socket +
  12551 bruno     20   0  464064  34864  24488 S   0,0   0,3   0:00.00 Profile+
  12574 bruno     20   0 2715940 208368 110520 S   0,0   1,8   0:02.68 Privile+
  12578 bruno     20   0 2715940 208368 110520 S   0,0   1,8   0:00.00 AsyncSi+
  12579 bruno     20   0 2715940 208368 110520 S   0,0   1,8   0:00.21 IPC I/O+
  12588 bruno     20   0 2715940 208368 110520 S   0,0   1,8   0:00.00 Socket +
  12590 bruno     20   0 2715940 208368 110520 S   0,0   1,8   0:00.00 HTML5 P+
  12591 bruno     20   0 2715940 208368 110520 S   0,0   1,8   0:00.00 StyleTh+
  12592 bruno     20   0 2715940 208368 110520 S   0,0   1,8   0:00.01 StyleTh+
  12596 bruno     20   0 2715940 208368 110520 S   0,0   1,8   0:00.00 JS Watc+
  12598 bruno     20   0 2715940 208368 110520 S   0,0   1,8   0:00.00 RemVidC+
  12599 bruno     20   0 2715940 208368 110520 S   0,0   1,8   0:00.00 ImageIO
  12600 bruno     20   0 2715940 208368 110520 S   0,0   1,8   0:00.00 Worker +
  12602 bruno     20   0 2715940 208368 110520 S   0,0   1,8   0:00.00 ImageBr+
  12603 bruno     20   0 2715940 208368 110520 S   0,0   1,8   0:00.00 Process+
  12604 bruno     20   0 2715940 208368 110520 S   0,0   1,8   0:00.00 Profile+
  12612 bruno     20   0 2715940 208368 110520 S   0,0   1,8   0:00.30 TaskCon+
  12613 bruno     20   0 2715940 208368 110520 S   0,0   1,8   0:00.16 TaskCon+
  12614 bruno     20   0 2715940 208368 110520 S   0,0   1,8   0:00.09 TaskCon+
  12615 bruno     20   0 2715940 208368 110520 S   0,0   1,8   0:00.03 TaskCon+
  12616 bruno     20   0 2715940 208368 110520 S   0,0   1,8   0:00.01 TaskCon+
  13371 bruno     20   0 2715940 208368 110520 S   0,0   1,8   0:00.20 DOM Wor+
  19339 bruno     20   0 2715940 208368 110520 S   0,0   1,8   0:00.02 StreamT+
  12583 bruno     20   0  658092  63708  44408 S   0,0   0,5   0:00.03 RDD Pro+
  12586 bruno     20   0  658092  63708  44408 S   0,0   0,5   0:00.00 AsyncSi+
  12587 bruno     20   0  658092  63708  44408 S   0,0   0,5   0:00.00 IPC I/O+
  12620 bruno     20   0  658092  63708  44408 S   0,0   0,5   0:00.00 Profile+
  12627 bruno     20   0 1950940  42364  14596 S   0,0   0,4   0:00.01 snap
  12628 bruno     20   0 1950940  42364  14596 S   0,0   0,4   0:00.00 snap
  12629 bruno     20   0 1950940  42364  14596 S   0,0   0,4   0:00.02 snap
  12630 bruno     20   0 1950940  42364  14596 S   0,0   0,4   0:00.00 snap
  12631 bruno     20   0 1950940  42364  14596 S   0,0   0,4   0:00.00 snap
  12632 bruno     20   0 1950940  42364  14596 S   0,0   0,4   0:00.00 snap
  12633 bruno     20   0 1950940  42364  14596 S   0,0   0,4   0:00.00 snap
  12634 bruno     20   0 1950940  42364  14596 S   0,0   0,4   0:00.00 snap
  12637 bruno     20   0 1950940  42364  14596 S   0,0   0,4   0:00.02 snap
  12638 bruno     20   0 1950940  42364  14596 S   0,0   0,4   0:00.01 snap
  12785 bruno     20   0 2637876 118784  86184 S   0,0   1,0   0:00.37 WebExte+
  12788 bruno     20   0 2637876 118784  86184 S   0,0   1,0   0:00.00 AsyncSi+
  12790 bruno     20   0 2637876 118784  86184 S   0,0   1,0   0:00.03 IPC I/O+
  12791 bruno     20   0 2637876 118784  86184 S   0,0   1,0   0:00.00 Socket +
  12792 bruno     20   0 2637876 118784  86184 S   0,0   1,0   0:00.00 HTML5 P+
  12793 bruno     20   0 2637876 118784  86184 S   0,0   1,0   0:00.00 StyleTh+
  12794 bruno     20   0 2637876 118784  86184 S   0,0   1,0   0:00.00 StyleTh+
  12795 bruno     20   0 2637876 118784  86184 S   0,0   1,0   0:00.00 JS Watc+
  12797 bruno     20   0 2637876 118784  86184 S   0,0   1,0   0:00.00 RemVidC+
  12798 bruno     20   0 2637876 118784  86184 S   0,0   1,0   0:00.00 ImageIO
  12799 bruno     20   0 2637876 118784  86184 S   0,0   1,0   0:00.00 Worker +
  12800 bruno     20   0 2637876 118784  86184 S   0,0   1,0   0:00.00 Timer
  12801 bruno     20   0 2637876 118784  86184 S   0,0   1,0   0:00.01 TaskCon+
  12802 bruno     20   0 2637876 118784  86184 S   0,0   1,0   0:00.00 TaskCon+
  12803 bruno     20   0 2637876 118784  86184 S   0,0   1,0   0:00.00 TaskCon+
  12804 bruno     20   0 2637876 118784  86184 S   0,0   1,0   0:00.00 TaskCon+
  12805 bruno     20   0 2637876 118784  86184 S   0,0   1,0   0:00.00 TaskCon+
  12806 bruno     20   0 2637876 118784  86184 S   0,0   1,0   0:00.00 ImageBr+
  12807 bruno     20   0 2637876 118784  86184 S   0,0   1,0   0:00.00 Process+
  12808 bruno     20   0 2637876 118784  86184 S   0,0   1,0   0:00.00 Profile+
  12944 bruno     20   0 6854064 128184  95624 S   0,0   1,1   0:01.22 Isolate+
  12947 bruno     20   0 6854064 128184  95624 S   0,0   1,1   0:00.00 AsyncSi+
  12948 bruno     20   0 6854064 128184  95624 S   0,0   1,1   0:00.17 IPC I/O+
  12953 bruno     20   0 6854064 128184  95624 S   0,0   1,1   0:00.00 Socket +
  12956 bruno     20   0 6854064 128184  95624 S   0,0   1,1   0:00.00 HTML5 P+
  12957 bruno     20   0 6854064 128184  95624 S   0,0   1,1   0:00.00 StyleTh+
  12958 bruno     20   0 6854064 128184  95624 S   0,0   1,1   0:00.00 StyleTh+
  12959 bruno     20   0 6854064 128184  95624 S   0,0   1,1   0:00.07 JS Watc+
  12961 bruno     20   0 6854064 128184  95624 S   0,0   1,1   0:00.00 RemVidC+
  12963 bruno     20   0 6854064 128184  95624 S   0,0   1,1   0:00.00 ImageIO
  12964 bruno     20   0 6854064 128184  95624 S   0,0   1,1   0:00.00 Worker +
  12965 bruno     20   0 6854064 128184  95624 S   0,0   1,1   0:00.32 Timer
  12966 bruno     20   0 6854064 128184  95624 S   0,0   1,1   0:00.00 ImageBr+
  12967 bruno     20   0 6854064 128184  95624 S   0,0   1,1   0:00.00 Process+
  12968 bruno     20   0 6854064 128184  95624 S   0,0   1,1   0:00.00 Profile+
  12969 bruno     20   0 6854064 128184  95624 S   0,0   1,1   0:00.03 TaskCon+
  12970 bruno     20   0 6854064 128184  95624 S   0,0   1,1   0:00.02 TaskCon+
  12971 bruno     20   0 6854064 128184  95624 S   0,0   1,1   0:00.01 TaskCon+
  12972 bruno     20   0 6854064 128184  95624 S   0,0   1,1   0:00.01 TaskCon+
  12973 bruno     20   0 6854064 128184  95624 S   0,0   1,1   0:00.01 TaskCon+
  13247 bruno     20   0 6854064 128184  95624 S   0,0   1,1   0:00.00 RemoteL+
  19341 bruno     20   0 6854064 128184  95624 S   0,0   1,1   0:00.00 StreamT+
  13108 bruno     20   0  599500  50200  36748 S   0,0   0,4   0:00.02 Utility+
  13111 bruno     20   0  599500  50200  36748 S   0,0   0,4   0:00.00 AsyncSi+
  13112 bruno     20   0  599500  50200  36748 S   0,0   0,4   0:00.00 IPC I/O+
  13114 bruno     20   0  599500  50200  36748 S   0,0   0,4   0:00.00 Profile+
  13350 bruno     20   0 3050188 399672 146820 S   0,0   3,4   0:00.00 AsyncSi+
  13352 bruno     20   0 3050188 399672 146820 S   0,0   3,4   0:00.10 Socket +
  13353 bruno     20   0 3050188 399672 146820 S   0,0   3,4   0:00.00 HTML5 P+
  13354 bruno     20   0 3050188 399672 146820 S   0,0   3,4   0:00.05 StyleTh+
  13355 bruno     20   0 3050188 399672 146820 S   0,0   3,4   0:00.05 StyleTh+
  13356 bruno     20   0 3050188 399672 146820 S   0,0   3,4   0:00.05 JS Watc+
  13358 bruno     20   0 3050188 399672 146820 S   0,0   3,4   0:00.01 RemVidC+
  13359 bruno     20   0 3050188 399672 146820 S   0,0   3,4   0:00.00 ImageIO
  13360 bruno     20   0 3050188 399672 146820 S   0,0   3,4   0:00.91 Timer
  13361 bruno     20   0 3050188 399672 146820 S   0,0   3,4   0:00.00 ImageBr+
  13362 bruno     20   0 3050188 399672 146820 S   0,0   3,4   0:00.00 Process+
  13363 bruno     20   0 3050188 399672 146820 S   0,0   3,4   0:00.00 Profile+
  13364 bruno     20   0 3050188 399672 146820 S   0,0   3,4   0:02.01 TaskCon+
  13365 bruno     20   0 3050188 399672 146820 S   0,0   3,4   0:00.84 TaskCon+
  13366 bruno     20   0 3050188 399672 146820 S   0,0   3,4   0:00.48 TaskCon+
  13367 bruno     20   0 3050188 399672 146820 S   0,0   3,4   0:00.42 TaskCon+
  13368 bruno     20   0 3050188 399672 146820 S   0,0   3,4   0:00.31 TaskCon+
  14101 bruno     20   0 3050188 399672 146820 S   0,0   3,4   0:00.00 Worker +
  14115 bruno     20   0 3050188 399672 146820 S   0,0   3,4   0:00.00 RemoteL+
  14120 bruno     20   0 3050188 399672 146820 S   0,0   3,4   0:00.00 MediaCa+
  17393 bruno     20   0 3050188 399672 146820 S   0,0   3,4   0:00.04 DOM Wor+
  17398 bruno     20   0 3050188 399672 146820 S   0,0   3,4   0:00.01 DOM Wor+
  18293 bruno     20   0 3050188 399672 146820 S   0,0   3,4   0:00.00 AudioIP+
  18295 bruno    -11   0 3050188 399672 146820 S   0,0   3,4   0:00.00 AudioIP+
  19255 bruno     20   0 3050188 399672 146820 S   0,0   3,4   0:00.00 StreamT+
  19256 bruno     20   0 3050188 399672 146820 S   0,0   3,4   0:00.00 StreamT+
  13426 bruno     20   0 2824024 223956 119540 S   0,0   1,9   0:13.71 Isolate+
  13430 bruno     20   0 2824024 223956 119540 S   0,0   1,9   0:00.00 AsyncSi+
  13431 bruno     20   0 2824024 223956 119540 S   0,0   1,9   0:01.29 IPC I/O+
  13432 bruno     20   0 2824024 223956 119540 S   0,0   1,9   0:00.02 Socket +
  13433 bruno     20   0 2824024 223956 119540 S   0,0   1,9   0:00.00 HTML5 P+
  13434 bruno     20   0 2824024 223956 119540 S   0,0   1,9   0:00.53 StyleTh+
  13435 bruno     20   0 2824024 223956 119540 S   0,0   1,9   0:00.55 StyleTh+
  13436 bruno     20   0 2824024 223956 119540 S   0,0   1,9   0:00.02 JS Watc+
  13438 bruno     20   0 2824024 223956 119540 S   0,0   1,9   0:00.00 RemVidC+
  13439 bruno     20   0 2824024 223956 119540 S   0,0   1,9   0:00.00 ImageIO
  13440 bruno     20   0 2824024 223956 119540 S   0,0   1,9   0:00.35 Timer
  13441 bruno     20   0 2824024 223956 119540 S   0,0   1,9   0:00.00 ImageBr+
  13442 bruno     20   0 2824024 223956 119540 S   0,0   1,9   0:00.00 Process+
  13443 bruno     20   0 2824024 223956 119540 S   0,0   1,9   0:00.00 Profile+
  13444 bruno     20   0 2824024 223956 119540 S   0,0   1,9   0:00.18 TaskCon+
  13445 bruno     20   0 2824024 223956 119540 S   0,0   1,9   0:00.05 TaskCon+
  13446 bruno     20   0 2824024 223956 119540 S   0,0   1,9   0:00.00 TaskCon+
  13447 bruno     20   0 2824024 223956 119540 S   0,0   1,9   0:00.00 TaskCon+
  13448 bruno     20   0 2824024 223956 119540 S   0,0   1,9   0:00.00 TaskCon+
  16420 bruno     20   0 2824024 223956 119540 S   0,0   1,9   0:00.00 Worker +
  16423 bruno     20   0 2824024 223956 119540 S   0,0   1,9   0:00.00 RemoteL+
  18907 bruno     20   0 2824024 223956 119540 S   0,0   1,9   0:00.05 DOM Wor+
  18917 bruno     20   0 2824024 223956 119540 S   0,0   1,9   0:00.02 DOM Wor+
  18959 bruno     20   0 2824024 223956 119540 S   0,0   1,9   0:00.00 Backgro+
  19312 bruno     20   0 2824024 223956 119540 S   0,0   1,9   0:00.00 StreamT+
  13653 root      20   0 1267808  11440   6968 S   0,0   0,1   0:00.00 contain+
  13655 root      20   0 1267808  11440   6968 S   0,0   0,1   0:00.05 contain+
  13656 root      20   0 1267808  11440   6968 S   0,0   0,1   0:00.00 contain+
  13657 root      20   0 1267808  11440   6968 S   0,0   0,1   0:00.00 contain+
  13658 root      20   0 1267808  11440   6968 S   0,0   0,1   0:00.05 contain+
  13659 root      20   0 1267808  11440   6968 S   0,0   0,1   0:00.00 contain+
  13660 root      20   0 1267808  11440   6968 S   0,0   0,1   0:00.07 contain+
  13661 root      20   0 1267808  11440   6968 S   0,0   0,1   0:00.07 contain+
  13662 root      20   0 1267808  11440   6968 S   0,0   0,1   0:00.06 contain+
  13663 root      20   0 1267808  11440   6968 S   0,0   0,1   0:00.03 contain+
  14571 root      20   0 1267808  11440   6968 S   0,0   0,1   0:00.04 contain+
  13677 root      20   0 4995440   1,1g 188976 S   0,0  10,0   0:21.99 python3
  13743 root      20   0 4995440   1,1g 188976 S   0,0  10,0   0:00.08 python3
  13744 root      20   0 4995440   1,1g 188976 S   0,0  10,0   0:00.08 python3
  13745 root      20   0 4995440   1,1g 188976 S   0,0  10,0   0:00.08 python3
  13746 root      20   0 4995440   1,1g 188976 S   0,0  10,0   0:00.08 python3
  13748 root      20   0 4995440   1,1g 188976 S   0,0  10,0   0:00.08 python3
  13749 root      20   0 4995440   1,1g 188976 S   0,0  10,0   0:00.08 python3
  13750 root      20   0 4995440   1,1g 188976 S   0,0  10,0   0:00.08 python3
  13751 root      20   0 4995440   1,1g 188976 S   0,0  10,0   0:00.08 python3
  13762 root      20   0 4995440   1,1g 188976 S   0,0  10,0   0:00.00 tokio-r+
  13763 root      20   0 4995440   1,1g 188976 S   0,0  10,0   0:00.00 tokio-r+
  13764 root      20   0 4995440   1,1g 188976 S   0,0  10,0   0:00.00 tokio-r+
  13765 root      20   0 4995440   1,1g 188976 S   0,0  10,0   0:00.00 tokio-r+
  13766 root      20   0 4995440   1,1g 188976 S   0,0  10,0   0:00.00 tokio-r+
  13772 root      20   0 4995440   1,1g 188976 S   0,0  10,0   0:00.14 python3
  13773 root      20   0 4995440   1,1g 188976 S   0,0  10,0   0:00.03 python3
  13782 root      20   0 4995440   1,1g 188976 S   0,0  10,0   0:00.01 tracing+
  13786 root      20   0 4995440   1,1g 188976 S   0,0  10,0   0:00.56 hf-xet-0
  13787 root      20   0 4995440   1,1g 188976 S   0,0  10,0   0:00.52 hf-xet-1
  13788 root      20   0 4995440   1,1g 188976 S   0,0  10,0   0:00.50 hf-xet-2
  13789 root      20   0 4995440   1,1g 188976 S   0,0  10,0   0:00.50 hf-xet-3
  13790 root      20   0 4995440   1,1g 188976 S   0,0  10,0   0:00.41 hf-xet-4
  13991 root      20   0 4995440   1,1g 188976 S   0,0  10,0   0:00.03 python3
  13992 root      20   0 4995440   1,1g 188976 S   0,0  10,0   0:00.14 python3
  13993 root      20   0 4995440   1,1g 188976 S   0,0  10,0   0:00.15 python3
  13994 root      20   0 4995440   1,1g 188976 S   0,0  10,0   0:00.20 python3
  13995 root      20   0 4995440   1,1g 188976 S   0,0  10,0   0:00.14 python3
  13996 root      20   0 4995440   1,1g 188976 S   0,0  10,0   0:00.14 python3
  13997 root      20   0 4995440   1,1g 188976 S   0,0  10,0   0:00.00 python3
  13998 root      20   0 4995440   1,1g 188976 S   0,0  10,0   0:00.00 python3
  13999 root      20   0 4995440   1,1g 188976 S   0,0  10,0   0:00.00 python3
  14000 root      20   0 4995440   1,1g 188976 S   0,0  10,0   0:00.00 python3
  14229 root      20   0 4995440   1,1g 188976 S   0,0  10,0   0:00.13 python3
  14232 root      20   0 4995440   1,1g 188976 S   0,0  10,0   0:00.00 python3
  16776 root      20   0 4995440   1,1g 188976 S   0,0  10,0   0:00.06 python3
  16777 root      20   0 4995440   1,1g 188976 S   0,0  10,0   0:00.07 python3
  16778 root      20   0 4995440   1,1g 188976 S   0,0  10,0   0:00.06 python3
  19306 root      20   0 4995440   1,1g 188976 S   0,0  10,0   0:00.00 python3
  13716 root      20   0 1822460  21792   3488 S   0,0   0,2   0:00.00 docker-+
  13717 root      20   0 1822460  21792   3488 S   0,0   0,2   0:00.06 docker-+
  13718 root      20   0 1822460  21792   3488 S   0,0   0,2   0:00.05 docker-+
  13719 root      20   0 1822460  21792   3488 S   0,0   0,2   0:00.08 docker-+
  13720 root      20   0 1822460  21792   3488 S   0,0   0,2   0:00.00 docker-+
  13721 root      20   0 1822460  21792   3488 S   0,0   0,2   0:00.00 docker-+
  14099 root      20   0 1822460  21792   3488 S   0,0   0,2   0:00.05 docker-+
  14104 root      20   0 1822460  21792   3488 S   0,0   0,2   0:00.00 docker-+
  14105 root      20   0 1822460  21792   3488 S   0,0   0,2   0:00.07 docker-+
  13722 root      20   0 1600336  14796   3412 S   0,0   0,1   0:00.00 docker-+
  13723 root      20   0 1600336  14796   3412 S   0,0   0,1   0:00.00 docker-+
  13724 root      20   0 1600336  14796   3412 S   0,0   0,1   0:00.00 docker-+
  13725 root      20   0 1600336  14796   3412 S   0,0   0,1   0:00.00 docker-+
  13726 root      20   0 1600336  14796   3412 S   0,0   0,1   0:00.00 docker-+
  13727 root      20   0 1600336  14796   3412 S   0,0   0,1   0:00.00 docker-+
  15320 root      20   0       0      0      0 I   0,0   0,0   0:00.12 kworker+
  16056 root      20   0       0      0      0 I   0,0   0,0   0:08.13 kworker+
  16192 root      -2   0       0      0      0 S   0,0   0,0   0:00.00 psimon
  16200 ollama    20   0 2109864  63852  25076 S   0,0   0,5   0:00.00 ollama
  16203 ollama    20   0 2109864  63852  25076 S   0,0   0,5   0:00.03 ollama
  16204 ollama    20   0 2109864  63852  25076 S   0,0   0,5   0:00.05 ollama
  16205 ollama    20   0 2109864  63852  25076 S   0,0   0,5   0:00.06 ollama
  16206 ollama    20   0 2109864  63852  25076 S   0,0   0,5   0:00.00 ollama
  16207 ollama    20   0 2109864  63852  25076 S   0,0   0,5   0:00.08 ollama
  16208 ollama    20   0 2109864  63852  25076 S   0,0   0,5   0:00.07 ollama
  16209 ollama    20   0 2109864  63852  25076 S   0,0   0,5   0:00.10 ollama
  16210 ollama    20   0 2109864  63852  25076 S   0,0   0,5   0:00.00 ollama
  16211 ollama    20   0 2109864  63852  25076 S   0,0   0,5   0:00.15 ollama
  16212 ollama    20   0 2109864  63852  25076 S   0,0   0,5   0:00.21 ollama
  16992 root      20   0       0      0      0 I   0,0   0,0   0:00.09 kworker+
  17637 root      20   0       0      0      0 I   0,0   0,0   0:00.07 kworker+
  17747 bruno     20   0 2589392  78448  62644 S   0,0   0,7   0:00.01 Web Con+
  17752 bruno     20   0 2589392  78448  62644 S   0,0   0,7   0:00.00 AsyncSi+
  17753 bruno     20   0 2589392  78448  62644 S   0,0   0,7   0:00.00 IPC I/O+
  17760 bruno     20   0 2589392  78448  62644 S   0,0   0,7   0:00.00 Socket +
  17762 bruno     20   0 2589392  78448  62644 S   0,0   0,7   0:00.00 HTML5 P+
  17763 bruno     20   0 2589392  78448  62644 S   0,0   0,7   0:00.00 StyleTh+
  17764 bruno     20   0 2589392  78448  62644 S   0,0   0,7   0:00.00 StyleTh+
  17765 bruno     20   0 2589392  78448  62644 S   0,0   0,7   0:00.00 JS Watc+
  17771 bruno     20   0 2589392  78448  62644 S   0,0   0,7   0:00.00 RemVidC+
  17774 bruno     20   0 2589392  78448  62644 S   0,0   0,7   0:00.00 ImageIO
  17777 bruno     20   0 2589392  78448  62644 S   0,0   0,7   0:00.00 Timer
  17779 bruno     20   0 2589392  78448  62644 S   0,0   0,7   0:00.00 ImageBr+
  17782 bruno     20   0 2589392  78448  62644 S   0,0   0,7   0:00.00 Process+
  17783 bruno     20   0 2589392  78448  62644 S   0,0   0,7   0:00.00 Profile+
  17789 bruno     20   0 2589392  78448  62644 S   0,0   0,7   0:00.00 TaskCon+
  17790 bruno     20   0 2589392  78448  62644 S   0,0   0,7   0:00.00 TaskCon+
  17791 bruno     20   0 2589392  78448  62644 S   0,0   0,7   0:00.00 TaskCon+
  17792 bruno     20   0 2589392  78448  62644 S   0,0   0,7   0:00.00 TaskCon+
  17793 bruno     20   0 2589392  78448  62644 S   0,0   0,7   0:00.00 TaskCon+
  17754 bruno     20   0 2589392  78528  62652 S   0,0   0,7   0:00.01 Web Con+
  17758 bruno     20   0 2589392  78528  62652 S   0,0   0,7   0:00.00 AsyncSi+
  17759 bruno     20   0 2589392  78528  62652 S   0,0   0,7   0:00.00 IPC I/O+
  17761 bruno     20   0 2589392  78528  62652 S   0,0   0,7   0:00.00 Socket +
  17766 bruno     20   0 2589392  78528  62652 S   0,0   0,7   0:00.00 HTML5 P+
  17767 bruno     20   0 2589392  78528  62652 S   0,0   0,7   0:00.00 StyleTh+
  17768 bruno     20   0 2589392  78528  62652 S   0,0   0,7   0:00.00 StyleTh+
  17770 bruno     20   0 2589392  78528  62652 S   0,0   0,7   0:00.00 JS Watc+
  17773 bruno     20   0 2589392  78528  62652 S   0,0   0,7   0:00.00 RemVidC+
  17775 bruno     20   0 2589392  78528  62652 S   0,0   0,7   0:00.00 ImageIO
  17776 bruno     20   0 2589392  78528  62652 S   0,0   0,7   0:00.00 Timer
  17778 bruno     20   0 2589392  78528  62652 S   0,0   0,7   0:00.00 ImageBr+
  17780 bruno     20   0 2589392  78528  62652 S   0,0   0,7   0:00.00 Process+
  17781 bruno     20   0 2589392  78528  62652 S   0,0   0,7   0:00.00 Profile+
  17784 bruno     20   0 2589392  78528  62652 S   0,0   0,7   0:00.00 TaskCon+
  17785 bruno     20   0 2589392  78528  62652 S   0,0   0,7   0:00.00 TaskCon+
  17786 bruno     20   0 2589392  78528  62652 S   0,0   0,7   0:00.00 TaskCon+
  17787 bruno     20   0 2589392  78528  62652 S   0,0   0,7   0:00.00 TaskCon+
  17788 bruno     20   0 2589392  78528  62652 S   0,0   0,7   0:00.00 TaskCon+
  17853 bruno     20   0 2589392  78700  62908 S   0,0   0,7   0:00.03 Web Con+
  17857 bruno     20   0 2589392  78700  62908 S   0,0   0,7   0:00.00 AsyncSi+
  17858 bruno     20   0 2589392  78700  62908 S   0,0   0,7   0:00.00 IPC I/O+
  17859 bruno     20   0 2589392  78700  62908 S   0,0   0,7   0:00.00 Socket +
  17860 bruno     20   0 2589392  78700  62908 S   0,0   0,7   0:00.00 HTML5 P+
  17861 bruno     20   0 2589392  78700  62908 S   0,0   0,7   0:00.00 StyleTh+
  17862 bruno     20   0 2589392  78700  62908 S   0,0   0,7   0:00.00 StyleTh+
  17863 bruno     20   0 2589392  78700  62908 S   0,0   0,7   0:00.00 JS Watc+
  17865 bruno     20   0 2589392  78700  62908 S   0,0   0,7   0:00.00 RemVidC+
  17866 bruno     20   0 2589392  78700  62908 S   0,0   0,7   0:00.00 ImageIO
  17867 bruno     20   0 2589392  78700  62908 S   0,0   0,7   0:00.00 Timer
  17868 bruno     20   0 2589392  78700  62908 S   0,0   0,7   0:00.00 ImageBr+
  17869 bruno     20   0 2589392  78700  62908 S   0,0   0,7   0:00.00 Process+
  17870 bruno     20   0 2589392  78700  62908 S   0,0   0,7   0:00.00 Profile+
  17871 bruno     20   0 2589392  78700  62908 S   0,0   0,7   0:00.00 TaskCon+
  17872 bruno     20   0 2589392  78700  62908 S   0,0   0,7   0:00.00 TaskCon+
  17873 bruno     20   0 2589392  78700  62908 S   0,0   0,7   0:00.00 TaskCon+
  17874 bruno     20   0 2589392  78700  62908 S   0,0   0,7   0:00.00 TaskCon+
  17875 bruno     20   0 2589392  78700  62908 S   0,0   0,7   0:00.00 TaskCon+
  17887 root      20   0       0      0      0 I   0,0   0,0   0:00.01 kworker+
  18237 ollama    20   0 2145248   1,5g  14748 S   0,0  13,1   0:00.00 llama-s+
  18238 ollama    20   0 2145248   1,5g  14748 S   0,0  13,1   0:00.00 llama-s+
  18239 ollama    20   0 2145248   1,5g  14748 S   0,0  13,1   0:00.00 llama-s+
  18240 ollama    20   0 2145248   1,5g  14748 S   0,0  13,1   0:00.02 llama-s+
  18241 ollama    20   0 2145248   1,5g  14748 S   0,0  13,1   0:00.07 llama-s+
  18242 ollama    20   0 2145248   1,5g  14748 S   0,0  13,1   0:00.20 llama-s+
  18243 ollama    20   0 2145248   1,5g  14748 S   0,0  13,1   0:00.01 llama-s+
  18244 ollama    20   0 2145248   1,5g  14748 S   0,0  13,1   0:00.04 llama-s+
  18249 ollama    20   0 2145248   1,5g  14748 S   0,0  13,1   0:00.02 llama-s+
  18282 root      20   0       0      0      0 I   0,0   0,0   0:00.04 kworker+
  18283 root      20   0       0      0      0 R   0,0   0,0   0:02.25 kworker+
  18663 root      20   0       0      0      0 I   0,0   0,0   0:00.00 kworker+
  18670 bruno     20   0 3383316 529440 123340 S   0,0   4,5   0:02.71 ptyxis
  18686 bruno     20   0 3383316 529440 123340 S   0,0   4,5   0:00.00 pool-sp+
  18687 bruno     20   0 3383316 529440 123340 S   0,0   4,5   0:00.00 gmain
  18688 bruno     20   0 3383316 529440 123340 S   0,0   4,5   0:00.04 gdbus
  18690 bruno     20   0 3383316 529440 123340 S   0,0   4,5   0:00.00 [pango]+
  18692 bruno     20   0 3383316 529440 123340 S   0,0   4,5   0:00.00 dconf w+
  18707 bruno     20   0 3383316 529440 123340 S   0,0   4,5   0:00.71 ptyxis
  18708 bruno     20   0 3383316 529440 123340 S   0,0   4,5   0:00.38 llvmpip+
  18709 bruno     20   0 3383316 529440 123340 S   0,0   4,5   0:00.37 llvmpip+
  18710 bruno     20   0 3383316 529440 123340 S   0,0   4,5   0:00.40 llvmpip+
  18711 bruno     20   0 3383316 529440 123340 S   0,0   4,5   0:00.47 llvmpip+
  18712 bruno     20   0 3383316 529440 123340 S   0,0   4,5   0:00.36 llvmpip+
  18713 bruno     20   0 3383316 529440 123340 S   0,0   4,5   0:00.00 ptyxis
  18714 bruno     20   0 3383316 529440 123340 S   0,0   4,5   0:00.00 ptyxis
  18715 bruno     20   0 3383316 529440 123340 S   0,0   4,5   0:00.00 ptyxis
  18716 bruno     20   0 3383316 529440 123340 S   0,0   4,5   0:00.00 ptyxis
  18717 bruno     20   0 3383316 529440 123340 S   0,0   4,5   0:00.00 ptyxis
  18718 bruno     39  19 3383316 529440 123340 S   0,0   4,5   0:00.00 ptyxis:+
  18719 bruno     20   0 3383316 529440 123340 S   0,0   4,5   0:00.00 llvmpip+
  18720 bruno     20   0 3383316 529440 123340 S   0,0   4,5   0:00.00 llvmpip+
  18721 bruno     20   0 3383316 529440 123340 S   0,0   4,5   0:00.00 llvmpip+
  18722 bruno     20   0 3383316 529440 123340 S   0,0   4,5   0:00.00 llvmpip+
  18723 bruno     20   0 3383316 529440 123340 S   0,0   4,5   0:00.00 llvmpip+
  18724 bruno     20   0 3383316 529440 123340 S   0,0   4,5   0:00.00 ptyxis
  18725 bruno     20   0 3383316 529440 123340 S   0,0   4,5   0:00.00 ptyxis
  18726 bruno     20   0 3383316 529440 123340 S   0,0   4,5   0:00.00 ptyxis
  18727 bruno     20   0 3383316 529440 123340 S   0,0   4,5   0:00.00 ptyxis
  18728 bruno     20   0 3383316 529440 123340 S   0,0   4,5   0:00.00 ptyxis
  18729 bruno     39  19 3383316 529440 123340 S   0,0   4,5   0:00.00 ptyxis:+
  19318 bruno     20   0 3383316 529440 123340 S   0,0   4,5   0:00.00 pool-17
  18684 bruno     20   0       0      0      0 Z   0,0   0,0   0:00.00 xdg-ter+
  18694 bruno     20   0  263684  19796  11716 S   0,0   0,2   0:00.04 ptyxis-+
  18696 bruno     20   0  263684  19796  11716 S   0,0   0,2   0:00.00 pool-sp+
  18697 bruno     20   0  263684  19796  11716 S   0,0   0,2   0:00.00 gmain
  18698 bruno     20   0  263684  19796  11716 S   0,0   0,2   0:00.03 gdbus
  18764 bruno     20   0  263684  19796  11716 S   0,0   0,2   0:00.00 dconf w+
  18767 bruno     20   0    9808   6584   3856 S   0,0   0,1   0:00.02 bash
  18801 root      20   0       0      0      0 I   0,0   0,0   0:00.00 kworker+
  18818 root      20   0       0      0      0 I   0,0   0,0   0:00.00 kworker+
  19129 root      20   0       0      0      0 I   0,0   0,0   0:00.00 kworker+
  19195 root      20   0       0      0      0 I   0,0   0,0   0:00.67 kworker+
